x_0,y_0,z_0,vis_0,x_1,y_1,z_1,vis_1,x_2,y_2,z_2,vis_2,x_3,y_3,z_3,vis_3,x_4,y_4,z_4,vis_4,x_5,y_5,z_5,vis_5,x_6,y_6,z_6,vis_6,x_7,y_7,z_7,vis_7,x_8,y_8,z_8,vis_8,x_9,y_9,z_9,vis_9,x_10,y_10,z_10,vis_10,x_11,y_11,z_11,vis_11,x_12,y_12,z_12,vis_12,x_13,y_13,z_13,vis_13,x_14,y_14,z_14,vis_14,x_15,y_15,z_15,vis_15,x_16,y_16,z_16,vis_16,x_17,y_17,z_17,vis_17,x_18,y_18,z_18,vis_18,x_19,y_19,z_19,vis_19,x_20,y_20,z_20,vis_20,x_21,y_21,z_21,vis_21,x_22,y_22,z_22,vis_22,x_23,y_23,z_23,vis_23,x_24,y_24,z_24,vis_24,x_25,y_25,z_25,vis_25,x_26,y_26,z_26,vis_26,x_27,y_27,z_27,vis_27,x_28,y_28,z_28,vis_28,x_29,y_29,z_29,vis_29,x_30,y_30,z_30,vis_30,x_31,y_31,z_31,vis_31,x_32,y_32,z_32,vis_32,label
0.44641590118408203,0.37124815583229065,-0.0445856899023056,0.9999018311500549,0.4426593780517578,0.3511861264705658,-0.03870616480708122,0.9998664259910583,0.44092682003974915,0.35004329681396484,-0.038969866931438446,0.9998713135719299,0.4391310513019562,0.34884271025657654,-0.0389196015894413,0.9999054074287415,0.44223982095718384,0.35165560245513916,-0.07302995771169662,0.9999223947525024,0.44030776619911194,0.3510523736476898,-0.07326485961675644,0.9999410510063171,0.4383034408092499,0.350325345993042,-0.07336346060037613,0.9999464154243469,0.4231010973453522,0.35120511054992676,0.004650817718356848,0.999948263168335,0.4237634837627411,0.35342302918434143,-0.1519109457731247,0.9998571276664734,0.44072726368904114,0.3872673511505127,-0.021579476073384285,0.9994150996208191,0.44022807478904724,0.3874622881412506,-0.06850755214691162,0.9995183348655701,0.40099862217903137,0.4372948110103607,0.0965384691953659,0.9999284744262695,0.4181860387325287,0.45105114579200745,-0.22245076298713684,0.9999061822891235,0.46818313002586365,0.4545894265174866,0.17046283185482025,0.07425356656312943,0.49713706970214844,0.4882781505584717,-0.22396673262119293,0.9510621428489685,0.48604071140289307,0.3569320738315582,0.16952696442604065,0.1046098917722702,0.4948655664920807,0.36253073811531067,-0.08429571241140366,0.8986742496490479,0.4911285936832428,0.32728302478790283,0.18030071258544922,0.1413356214761734,0.49985745549201965,0.3292631506919861,-0.10256897658109665,0.899989128112793,0.48404842615127563,0.3234485685825348,0.1679471880197525,0.14046479761600494,0.4916630685329437,0.32849007844924927,-0.09703313559293747,0.8956115245819092,0.4813823699951172,0.332703173160553,0.16344422101974487,0.15189054608345032,0.48894253373146057,0.33689969778060913,-0.08122513443231583,0.8614014983177185,0.44180336594581604,0.6812180876731873,0.10874936729669571,0.9999558925628662,0.4412956237792969,0.7146262526512146,-0.10884245485067368,0.9999647736549377,0.5271469950675964,0.6692031025886536,0.2932974100112915,0.11475137621164322,0.5558735132217407,0.7532954216003418,-0.0790349692106247,0.8922416567802429,0.5248458385467529,0.8306303024291992,0.3985508680343628,0.23092971742153168,0.5656209588050842,0.9285250306129456,0.009164425544440746,0.919328510761261,0.5183070302009583,0.8607785701751709,0.40853771567344666,0.374990850687027,0.5547826290130615,0.9618276953697205,0.021494174376130104,0.8985302448272705,0.5567176938056946,0.8753714561462402,0.4301042854785919,0.3451594114303589,0.6020663380622864,0.9489386677742004,0.03300800547003746,0.8881499767303467,1
0.44677841663360596,0.3712066113948822,-0.04582727327942848,0.999885618686676,0.44281110167503357,0.35121846199035645,-0.040010370314121246,0.9998401999473572,0.4410134255886078,0.3500896394252777,-0.040268830955028534,0.9998478889465332,0.4391559958457947,0.348921000957489,-0.04021681845188141,0.9998887181282043,0.44247356057167053,0.35166749358177185,-0.07452217489480972,0.9999077320098877,0.4405338168144226,0.35106131434440613,-0.07475434988737106,0.9999305605888367,0.4385274648666382,0.3503389060497284,-0.07485403120517731,0.9999369978904724,0.4231525659561157,0.3512316942214966,0.0032695322297513485,0.9999390840530396,0.42388248443603516,0.3534453511238098,-0.15383772552013397,0.9998339414596558,0.44087401032447815,0.3872464597225189,-0.022938556969165802,0.9993430972099304,0.4403909742832184,0.38744834065437317,-0.07005949318408966,0.9994615316390991,0.4013855755329132,0.43736201524734497,0.09320962429046631,0.9999284148216248,0.41810405254364014,0.4511406719684601,-0.22521914541721344,0.9999041557312012,0.4663749635219574,0.4570225179195404,0.15705420076847076,0.07318183034658432,0.49704042077064514,0.4928987920284271,-0.22530005872249603,0.9522719979286194,0.4857318699359894,0.3609841465950012,0.14841961860656738,0.10045289248228073,0.49490174651145935,0.36624830961227417,-0.08619949966669083,0.8994684219360352,0.4910690486431122,0.3310825824737549,0.15775328874588013,0.13786478340625763,0.4999401867389679,0.33242225646972656,-0.10444466769695282,0.90082186460495,0.4832395911216736,0.3273565173149109,0.14591845870018005,0.13702768087387085,0.49136409163475037,0.3310505449771881,-0.09915641695261002,0.8965684175491333,0.48067885637283325,0.3358330726623535,0.14232458174228668,0.1485171914100647,0.4884578585624695,0.3398486375808716,-0.08318721503019333,0.8628133535385132,0.44172191619873047,0.6812987327575684,0.10888038575649261,0.9999573230743408,0.44130420684814453,0.7146143317222595,-0.10898659378290176,0.999965488910675,0.527399480342865,0.6686775088310242,0.3000693619251251,0.10819946229457855,0.5561146140098572,0.7531998157501221,-0.08298737555742264,0.8958335518836975,0.5239675045013428,0.8266149163246155,0.39983606338500977,0.22661848366260529,0.5656241774559021,0.9284725785255432,-0.000946913321968168,0.9211141467094421,0.5173707008361816,0.8598285913467407,0.40881964564323425,0.37736114859580994,0.554785430431366,0.9619296789169312,0.01093551516532898,0.901009738445282,0.5542594194412231,0.8702433705329895,0.43505486845970154,0.3465437591075897,0.6022866368293762,0.948743462562561,0.023259323090314865,0.8909005522727966,1
0.44684895873069763,0.3711741268634796,-0.045599427074193954,0.999867856502533,0.4427577555179596,0.35124850273132324,-0.03970562666654587,0.9998130798339844,0.4409564733505249,0.350135862827301,-0.039963576942682266,0.9998236298561096,0.4391215443611145,0.34900137782096863,-0.03991076722741127,0.9998717904090881,0.44247594475746155,0.3517037034034729,-0.07420123368501663,0.9998920559883118,0.4405536651611328,0.3511097729206085,-0.0744335874915123,0.9999188184738159,0.4385727345943451,0.3504117429256439,-0.07453273236751556,0.999926745891571,0.42314407229423523,0.3513791561126709,0.0035882459487766027,0.9999300837516785,0.4240105450153351,0.3535824120044708,-0.15326756238937378,0.999810516834259,0.4408661425113678,0.38723069429397583,-0.022720061242580414,0.9992756843566895,0.44041699171066284,0.38744819164276123,-0.0698067918419838,0.9994072318077087,0.40131744742393494,0.4373633563518524,0.09316680580377579,0.9999287128448486,0.41816389560699463,0.45136284828186035,-0.22498716413974762,0.9999024271965027,0.4682717025279999,0.45635825395584106,0.15234734117984772,0.07206829637289047,0.49701133370399475,0.4976266324520111,-0.22252102196216583,0.9528183937072754,0.4857379198074341,0.35840338468551636,0.13423565030097961,0.09790865331888199,0.49493011832237244,0.3685362935066223,-0.07957086712121964,0.900759220123291,0.4922226369380951,0.3298720121383667,0.14221876859664917,0.1368505209684372,0.5004227757453918,0.3354288339614868,-0.0973500907421112,0.9021022915840149,0.4848460257053375,0.32331937551498413,0.13027676939964294,0.1359669715166092,0.49150949716567993,0.33253514766693115,-0.0917724072933197,0.8979138731956482,0.4819757640361786,0.3319664001464844,0.12787529826164246,0.1474590003490448,0.4884761869907379,0.34106045961380005,-0.07628539949655533,0.8644304871559143,0.4414084255695343,0.6813771724700928,0.1093657985329628,0.9999583959579468,0.44131359457969666,0.714604377746582,-0.10948502272367477,0.9999659061431885,0.5272679924964905,0.6676414012908936,0.3120211958885193,0.10139281302690506,0.5561325550079346,0.7531074285507202,-0.08783487975597382,0.8988224267959595,0.52291339635849,0.823239803314209,0.4207006096839905,0.21900278329849243,0.5656148195266724,0.9282369017601013,-0.0028073186986148357,0.9217068552970886,0.5162802934646606,0.8584413528442383,0.43099018931388855,0.37383410334587097,0.5547647476196289,0.9618251323699951,0.009576740674674511,0.9020107984542847,0.5512176156044006,0.8643417358398438,0.4613429307937622,0.34223994612693787,0.6022815108299255,0.9468215703964233,0.02381463721394539,0.8921438455581665,1
0.4468284249305725,0.3711412847042084,-0.039515282958745956,0.9998614192008972,0.4426003396511078,0.3512357473373413,-0.033878158777952194,0.9998048543930054,0.4407871961593628,0.3501225411891937,-0.03414077311754227,0.9998154640197754,0.4389568865299225,0.34899142384529114,-0.03409348055720329,0.9998664855957031,0.44243088364601135,0.35169339179992676,-0.06835512816905975,0.9998878240585327,0.44054195284843445,0.3510947823524475,-0.06858208030462265,0.9999153017997742,0.4385666847229004,0.35039764642715454,-0.0686899796128273,0.9999238848686218,0.423135906457901,0.351540744304657,0.006662366911768913,0.9999274611473083,0.4243083894252777,0.35369032621383667,-0.15046575665473938,0.9998046159744263,0.44089406728744507,0.38718757033348083,-0.017825515940785408,0.999259889125824,0.4405372738838196,0.3874293267726898,-0.06492576003074646,0.9993972778320312,0.4011330008506775,0.4373667538166046,0.09995583444833755,0.9999294281005859,0.4191793203353882,0.451684832572937,-0.22425773739814758,0.9999029636383057,0.4660702347755432,0.4569883942604065,0.1881186068058014,0.07039481401443481,0.4969257414340973,0.5010490417480469,-0.2202189415693283,0.9514524936676025,0.48506200313568115,0.3613468408584595,0.216332346200943,0.0968615859746933,0.49494627118110657,0.3742702901363373,-0.07788850367069244,0.9014631509780884,0.49216797947883606,0.33467572927474976,0.2355930507183075,0.13725952804088593,0.5009569525718689,0.34063172340393066,-0.09467485547065735,0.9029507637023926,0.48568806052207947,0.3287081718444824,0.21935924887657166,0.13656777143478394,0.4923214018344879,0.3360312879085541,-0.0859789326786995,0.8989039063453674,0.4825848639011383,0.3361804783344269,0.20972204208374023,0.14831486344337463,0.48896726965904236,0.34510114789009094,-0.07340753823518753,0.8649352788925171,0.4401858448982239,0.6814205050468445,0.11080261319875717,0.9999582767486572,0.4413062334060669,0.7146040797233582,-0.11090856045484543,0.9999654293060303,0.5264344811439514,0.6669262647628784,0.3111844062805176,0.09458810091018677,0.5560809373855591,0.7529903650283813,-0.09340321272611618,0.8990110158920288,0.5223372578620911,0.822390615940094,0.42056897282600403,0.20884642004966736,0.5656113028526306,0.9282894134521484,-0.011905482970178127,0.9197978973388672,0.515837550163269,0.8582888841629028,0.4309859573841095,0.3664526045322418,0.5547598004341125,0.961833119392395,4.791247192770243e-05,0.9000146389007568,0.5508876442909241,0.8634428381919861,0.4610956311225891,0.331659197807312,0.6024067997932434,0.9468218088150024,0.012897716835141182,0.8897129893302917,1
0.44677847623825073,0.3709658682346344,-0.031416624784469604,0.9998506903648376,0.44197770953178406,0.3510693609714508,-0.02574746683239937,0.9997904300689697,0.44017860293388367,0.35000330209732056,-0.026004688814282417,0.9998018741607666,0.4383980631828308,0.3489350378513336,-0.025952627882361412,0.9998565912246704,0.44209253787994385,0.3514936864376068,-0.06038355827331543,0.9998800158500671,0.4403826594352722,0.35089558362960815,-0.060612019151449203,0.9999094009399414,0.4385542869567871,0.35020551085472107,-0.060718826949596405,0.999919056892395,0.4231266677379608,0.35164549946784973,0.01334103848785162,0.9999220371246338,0.42472758889198303,0.35368838906288147,-0.1443789005279541,0.9997953772544861,0.44088849425315857,0.38701173663139343,-0.010312918573617935,0.9992243647575378,0.4405757188796997,0.3872767984867096,-0.057589415460824966,0.9993736743927002,0.40093931555747986,0.4382173418998718,0.10753224790096283,0.9999293088912964,0.41996198892593384,0.45169857144355774,-0.2230922430753708,0.9999039173126221,0.46492159366607666,0.4573868215084076,0.18923042714595795,0.06819916516542435,0.49637189507484436,0.5046635866165161,-0.21770302951335907,0.9505511522293091,0.4851178526878357,0.3615862727165222,0.21697600185871124,0.09530402719974518,0.4950858950614929,0.3796268403530121,-0.07373649626970291,0.9040451645851135,0.49247708916664124,0.33733826875686646,0.23445558547973633,0.1374569535255432,0.5016950964927673,0.3438202738761902,-0.09014231711626053,0.9055866003036499,0.48661813139915466,0.3315015435218811,0.21848995983600616,0.13681884109973907,0.4933284521102905,0.3380112051963806,-0.08035281300544739,0.9016126394271851,0.48409876227378845,0.33870983123779297,0.2103196680545807,0.1486017405986786,0.49005967378616333,0.348163902759552,-0.06864141672849655,0.8675816059112549,0.43819132447242737,0.6817792057991028,0.11222271621227264,0.9999581575393677,0.4412887394428253,0.7144883871078491,-0.11233171075582504,0.9999651908874512,0.5231700539588928,0.6627121567726135,0.31398066878318787,0.08890637755393982,0.5559352040290833,0.7529920339584351,-0.09921848028898239,0.9018324613571167,0.5212590098381042,0.8219391703605652,0.4186454117298126,0.20390653610229492,0.5656086206436157,0.9283201098442078,-0.027417901903390884,0.9209629893302917,0.5148822665214539,0.8582649827003479,0.429034560918808,0.3679415285587311,0.5547899007797241,0.961868166923523,-0.016396379098296165,0.9016842246055603,0.5498207807540894,0.8616358637809753,0.4576420187950134,0.3283076882362366,0.6025770902633667,0.9468775987625122,-0.0039670891128480434,0.890802800655365,1
0.44676199555397034,0.3709566295146942,-0.023795373737812042,0.9998332858085632,0.44175398349761963,0.35106155276298523,-0.01853284426033497,0.9997682571411133,0.43988049030303955,0.350022554397583,-0.018788553774356842,0.9997802972793579,0.4380457103252411,0.349019318819046,-0.018741609528660774,0.9998419880867004,0.44207343459129333,0.3514738976955414,-0.05300650745630264,0.9998675584793091,0.4403638541698456,0.35088154673576355,-0.053235769271850586,0.9998994469642639,0.4386134743690491,0.3501966893672943,-0.0533427856862545,0.9999110698699951,0.423114150762558,0.3518657088279724,0.018327830359339714,0.9999151229858398,0.42534205317497253,0.35368797183036804,-0.1386139690876007,0.9997793436050415,0.4408808946609497,0.3869951069355011,-0.0034917343873530626,0.9991791248321533,0.4406227767467499,0.3872614800930023,-0.050557032227516174,0.9993408918380737,0.3993629515171051,0.4396771490573883,0.11124474555253983,0.9999291300773621,0.4203988313674927,0.45171770453453064,-0.2177581638097763,0.9999038577079773,0.46424978971481323,0.46618783473968506,0.1997406929731369,0.06573072075843811,0.4956739544868469,0.5078315138816833,-0.21548597514629364,0.947636067867279,0.4858733117580414,0.3667636215686798,0.2289336621761322,0.09237655997276306,0.4954858422279358,0.3862238824367523,-0.0722842663526535,0.9023209810256958,0.49364379048347473,0.33998602628707886,0.2480301409959793,0.13510194420814514,0.5024086833000183,0.34717750549316406,-0.08810434490442276,0.9041008949279785,0.48783066868782043,0.33168259263038635,0.2315557301044464,0.13455860316753387,0.4944929778575897,0.34190165996551514,-0.07726645469665527,0.8999701738357544,0.48559892177581787,0.3410327136516571,0.22214676439762115,0.14624322950839996,0.4914156496524811,0.35200345516204834,-0.06677365303039551,0.8643235564231873,0.43654119968414307,0.6832561492919922,0.11233287304639816,0.9999579787254333,0.4413025975227356,0.7143178582191467,-0.11244149506092072,0.9999648928642273,0.5205771327018738,0.661631166934967,0.3159715533256531,0.08370030671358109,0.5558366775512695,0.7530443072319031,-0.09449850022792816,0.9038072824478149,0.5201631784439087,0.8217665553092957,0.4184698760509491,0.19920144975185394,0.5657223463058472,0.9283431172370911,-0.02239929512143135,0.922083854675293,0.5141196846961975,0.8580884337425232,0.4284364879131317,0.36766329407691956,0.5550348162651062,0.9619293212890625,-0.01142974104732275,0.9029397964477539,0.5474950075149536,0.8595157861709595,0.4564123749732971,0.3241622745990753,0.6025812029838562,0.9467789530754089,-0.0005670581012964249,0.8915793895721436,1
0.44677039980888367,0.37099799513816833,-0.02677888795733452,0.9998301863670349,0.44176721572875977,0.35116228461265564,-0.021244565024971962,0.9997649192810059,0.43987348675727844,0.35016870498657227,-0.021504564210772514,0.9997771382331848,0.43802785873413086,0.34924572706222534,-0.02145438641309738,0.999839723110199,0.4421333968639374,0.35150307416915894,-0.05565888434648514,0.9998651146888733,0.44044139981269836,0.3508981168270111,-0.0558919683098793,0.9998974204063416,0.4387301206588745,0.35021689534187317,-0.055998194962739944,0.9999096393585205,0.4231049120426178,0.3519952595233917,0.01637146808207035,0.9999136328697205,0.42538779973983765,0.3537086844444275,-0.13909438252449036,0.9997763633728027,0.44083890318870544,0.38700616359710693,-0.005556467454880476,0.9991714358329773,0.44062182307243347,0.3872557580471039,-0.05261868238449097,0.9993359446525574,0.39725834131240845,0.44272077083587646,0.10481035709381104,0.9999304413795471,0.4210144281387329,0.4519246816635132,-0.21715857088565826,0.9999047517776489,0.46389782428741455,0.47322410345077515,0.18125706911087036,0.06318355351686478,0.49496009945869446,0.514293909072876,-0.21669462323188782,0.9434053301811218,0.4856899082660675,0.38288265466690063,0.19600819051265717,0.08789174258708954,0.49492865800857544,0.39913618564605713,-0.07614711672067642,0.8969817161560059,0.49384766817092896,0.35442379117012024,0.21177707612514496,0.13010577857494354,0.5022885799407959,0.3559536635875702,-0.091812364757061,0.8996226787567139,0.48797518014907837,0.3463978171348572,0.19689330458641052,0.12958911061286926,0.4943908452987671,0.35090261697769165,-0.08182718604803085,0.8952428102493286,0.48486363887786865,0.3592912256717682,0.1895756870508194,0.14095979928970337,0.4908880591392517,0.36431166529655457,-0.07105962932109833,0.857843816280365,0.4347802400588989,0.6858553886413574,0.11098441481590271,0.9999582767486572,0.44169187545776367,0.7140759825706482,-0.11110886931419373,0.9999651312828064,0.5169708728790283,0.6613447070121765,0.3162630796432495,0.07947719842195511,0.5557037591934204,0.753275990486145,-0.08843954652547836,0.9049898386001587,0.518690288066864,0.8210289478302002,0.4183821380138397,0.19724883139133453,0.565872073173523,0.9283926486968994,-0.015716170892119408,0.9237942099571228,0.5099930763244629,0.8543596863746643,0.42751985788345337,0.3717001974582672,0.5552757978439331,0.9619763493537903,-0.004959678743034601,0.9057532548904419,0.5429753065109253,0.8547840714454651,0.455476313829422,0.32396650314331055,0.602013885974884,0.9458484053611755,0.006440396886318922,0.8932154774665833,1
0.4467550218105316,0.370890349149704,-0.02721577323973179,0.9998283982276917,0.4417608976364136,0.35090118646621704,-0.022224651649594307,0.9997619986534119,0.43984851241111755,0.3500123620033264,-0.022482076659798622,0.9997744560241699,0.43797940015792847,0.34919366240501404,-0.022435270249843597,0.9998376965522766,0.4421245753765106,0.3509857952594757,-0.05611196532845497,0.9998632073402405,0.44045668840408325,0.3503384292125702,-0.05633968114852905,0.9998961091041565,0.4388001561164856,0.34967970848083496,-0.056442249566316605,0.9999088048934937,0.423094779253006,0.35199683904647827,0.01584498956799507,0.9999126195907593,0.4255003333091736,0.3535881042480469,-0.13924340903759003,0.9997755885124207,0.4408314824104309,0.3868326246738434,-0.006582175847142935,0.9991719126701355,0.44064807891845703,0.3870619833469391,-0.05294547975063324,0.9993399977684021,0.3958420753479004,0.4444465637207031,0.10418450832366943,0.9999316334724426,0.42155832052230835,0.4520852267742157,-0.21181055903434753,0.9999072551727295,0.4638465344905853,0.47652068734169006,0.1856451779603958,0.061464063823223114,0.49460238218307495,0.5183773040771484,-0.21159599721431732,0.9423494935035706,0.4866189658641815,0.3871515393257141,0.2083687037229538,0.0856785923242569,0.49494752287864685,0.3991064429283142,-0.07415057718753815,0.8989272117614746,0.4946046471595764,0.3597252666950226,0.22430652379989624,0.12837737798690796,0.5021695494651794,0.35806575417518616,-0.08966689556837082,0.9017899632453918,0.48870089650154114,0.35183122754096985,0.20988591015338898,0.12798337638378143,0.49434521794319153,0.35331472754478455,-0.07859798520803452,0.8974848389625549,0.48585188388824463,0.36256563663482666,0.20216284692287445,0.13920560479164124,0.4908693730831146,0.3656955361366272,-0.06876460462808609,0.8600218296051025,0.43408793210983276,0.6880713701248169,0.1095476895570755,0.9999575018882751,0.4424395263195038,0.713962197303772,-0.10966835170984268,0.9999648928642273,0.5156722664833069,0.6614933609962463,0.31480976939201355,0.07537563145160675,0.5555374026298523,0.7532393932342529,-0.08475827425718307,0.9069217443466187,0.5182851552963257,0.8210327625274658,0.41812625527381897,0.19516263902187347,0.5658680200576782,0.9284173846244812,-0.014171617105603218,0.9262312650680542,0.5103350877761841,0.8529905080795288,0.42734628915786743,0.3762160539627075,0.5553150773048401,0.9619507789611816,-0.0036164799239486456,0.9092456102371216,0.5426161289215088,0.8551273941993713,0.45469266176223755,0.3249124586582184,0.6017605066299438,0.9455058574676514,0.008558256551623344,0.8961446285247803,1
0.4467383027076721,0.37035277485847473,-0.02773859165608883,0.9998310208320618,0.44174331426620483,0.35048142075538635,-0.02276030369102955,0.9997655153274536,0.4397863447666168,0.34975022077560425,-0.02301400899887085,0.9997774958610535,0.43782684206962585,0.34907010197639465,-0.02296655811369419,0.9998398423194885,0.44211357831954956,0.35033661127090454,-0.05639632046222687,0.9998651742935181,0.44045257568359375,0.34974393248558044,-0.05662135034799576,0.9998976588249207,0.43880727887153625,0.34918510913848877,-0.0567205473780632,0.9999106526374817,0.4228805899620056,0.3519170582294464,0.015260102227330208,0.9999133348464966,0.4254957437515259,0.35347938537597656,-0.13895869255065918,0.99978107213974,0.44065532088279724,0.3864409923553467,-0.007276139687746763,0.9991928935050964,0.4406260848045349,0.38666436076164246,-0.053339678794145584,0.999360978603363,0.3954397141933441,0.44552871584892273,0.10388647019863129,0.9999331831932068,0.4221552312374115,0.45257964730262756,-0.20978647470474243,0.9999103546142578,0.46351826190948486,0.4766256809234619,0.1786605268716812,0.06107510253787041,0.49402040243148804,0.5216484069824219,-0.20625051856040955,0.9422522783279419,0.48750659823417664,0.38680070638656616,0.18729980289936066,0.0858333632349968,0.4947107136249542,0.40550604462623596,-0.0662921890616417,0.902301549911499,0.49626457691192627,0.35945597290992737,0.20191948115825653,0.1302226334810257,0.5021394491195679,0.36349067091941833,-0.08135905116796494,0.9049391746520996,0.49074915051460266,0.35338252782821655,0.18628259003162384,0.1298600137233734,0.4943312704563141,0.3579782247543335,-0.07019516825675964,0.900687038898468,0.4872409403324127,0.363600492477417,0.18045149743556976,0.14091230928897858,0.49058037996292114,0.37212398648262024,-0.06068737059831619,0.8636009693145752,0.43372297286987305,0.6888924241065979,0.10867377370595932,0.9999572038650513,0.4427703619003296,0.7136620879173279,-0.10879644006490707,0.9999650120735168,0.5159456133842468,0.6644150614738464,0.3154299855232239,0.07207385450601578,0.5552079081535339,0.7531595230102539,-0.08188550919294357,0.9086242318153381,0.5179628133773804,0.821151077747345,0.42049440741539,0.19322940707206726,0.5657559037208557,0.9282354116439819,-0.011963867582380772,0.9280347228050232,0.5105230212211609,0.8522042632102966,0.4301603138446808,0.380418598651886,0.5553156137466431,0.9613449573516846,-0.0012526747304946184,0.9120827317237854,0.5418540835380554,0.8556621670722961,0.4583219587802887,0.3254505395889282,0.6013787984848022,0.9451689720153809,0.010314407758414745,0.8981708884239197,1
0.44672691822052,0.36955928802490234,-0.0278644822537899,0.9998272657394409,0.4417552947998047,0.3494269549846649,-0.02308490313589573,0.9997610449790955,0.43979373574256897,0.34892743825912476,-0.02333826757967472,0.9997730851173401,0.4378203749656677,0.348497599363327,-0.023291563615202904,0.9998366832733154,0.4421263039112091,0.348940908908844,-0.056744176894426346,0.9998627305030823,0.4404706358909607,0.34836316108703613,-0.05696878209710121,0.9998956322669983,0.4388262629508972,0.34788432717323303,-0.05706770345568657,0.9999094009399414,0.4228740632534027,0.3515966236591339,0.014571215026080608,0.9999122023582458,0.42546117305755615,0.3529910147190094,-0.1391432285308838,0.9997811913490295,0.44061291217803955,0.38590526580810547,-0.007705821190029383,0.9991960525512695,0.44061434268951416,0.3861144185066223,-0.05375904217362404,0.9993687272071838,0.3943077027797699,0.44590622186660767,0.10195396840572357,0.99993497133255,0.42233380675315857,0.4531477093696594,-0.21056698262691498,0.9999127388000488,0.4621751606464386,0.477775514125824,0.1820695996284485,0.059345219284296036,0.4939364492893219,0.5249451994895935,-0.20857492089271545,0.9404687881469727,0.4872576892375946,0.3892240524291992,0.20155395567417145,0.08379217982292175,0.4945530295372009,0.40896743535995483,-0.06775172054767609,0.9028406143188477,0.49632471799850464,0.36243629455566406,0.21779704093933105,0.1287330985069275,0.501899003982544,0.36795100569725037,-0.08251935988664627,0.9053936004638672,0.490526020526886,0.35699209570884705,0.20220759510993958,0.12842798233032227,0.49383559823036194,0.36286842823028564,-0.0716172605752945,0.9011493921279907,0.4867750108242035,0.36717653274536133,0.19500578939914703,0.1393701136112213,0.4895717203617096,0.37676477432250977,-0.06222306936979294,0.8635153770446777,0.43355268239974976,0.6891430616378784,0.1085687130689621,0.9999576807022095,0.4430657625198364,0.7131541967391968,-0.10869120806455612,0.9999656081199646,0.5152986645698547,0.6636030673980713,0.3228839933872223,0.06865719705820084,0.5550649762153625,0.7528705596923828,-0.08488037437200546,0.9112600684165955,0.5172747373580933,0.8210028409957886,0.43867671489715576,0.1897839456796646,0.5655388236045837,0.9279016852378845,-0.013704555109143257,0.9301090240478516,0.5104499459266663,0.8518017530441284,0.44987475872039795,0.3785930871963501,0.5553046464920044,0.9610720276832581,-0.0025178331416100264,0.9145334362983704,0.5410059094429016,0.8559557795524597,0.48329687118530273,0.3221498131752014,0.6013860106468201,0.9455892443656921,0.010896215215325356,0.9005367159843445,1
0.4467753469944,0.36940521001815796,-0.025937223806977272,0.9998257756233215,0.44182077050209045,0.3491744101047516,-0.02165306732058525,0.9997630715370178,0.4398188591003418,0.34877094626426697,-0.021908175200223923,0.9997735619544983,0.4378151595592499,0.34843143820762634,-0.02186698652803898,0.9998385906219482,0.44225913286209106,0.34848007559776306,-0.05512832850217819,0.9998636245727539,0.4406203627586365,0.34787091612815857,-0.055350612848997116,0.9998950958251953,0.4390088617801666,0.3474060595035553,-0.05544440820813179,0.9999096989631653,0.422897070646286,0.3515715003013611,0.014240354299545288,0.99991375207901,0.42565852403640747,0.3528645932674408,-0.13932067155838013,0.9997822046279907,0.44061607122421265,0.38573887944221497,-0.006687771063297987,0.9992168545722961,0.4406659007072449,0.3859451711177826,-0.0524398498237133,0.999385416507721,0.3942909836769104,0.44577935338020325,0.10224821418523788,0.9999372959136963,0.4223739802837372,0.4534565210342407,-0.2105305939912796,0.9999139904975891,0.46214863657951355,0.477634072303772,0.20030590891838074,0.05783924087882042,0.49282944202423096,0.5263791680335999,-0.2085922211408615,0.9327089190483093,0.48734092712402344,0.39070266485214233,0.2453944981098175,0.08264119178056717,0.4938654899597168,0.4167596101760864,-0.06671342998743057,0.8918861746788025,0.49639225006103516,0.3646063208580017,0.2655735909938812,0.12778541445732117,0.5013397932052612,0.37635481357574463,-0.08018120378255844,0.8948396444320679,0.49063417315483093,0.35935717821121216,0.24885240197181702,0.12755532562732697,0.49316659569740295,0.36929821968078613,-0.06937641650438309,0.890148937702179,0.4867725372314453,0.3687569200992584,0.2390788048505783,0.13830384612083435,0.4885614514350891,0.3854365348815918,-0.06106705591082573,0.8482716083526611,0.4336231052875519,0.6889932751655579,0.10872433334589005,0.9999590516090393,0.4430846869945526,0.7123072743415833,-0.10884051769971848,0.9999663829803467,0.5156049728393555,0.6631465554237366,0.3209609389305115,0.06583525985479355,0.5549389123916626,0.7527934312820435,-0.0867222473025322,0.9114471077919006,0.516721248626709,0.8210441470146179,0.4331931173801422,0.18604306876659393,0.5651448369026184,0.9276481866836548,-0.015549995936453342,0.9303035736083984,0.5089265704154968,0.8531320691108704,0.4436742067337036,0.37304067611694336,0.5551366209983826,0.9610491991043091,-0.004494685214012861,0.9133106470108032,0.5403968095779419,0.8564553260803223,0.47573938965797424,0.3170587122440338,0.6014617681503296,0.9460198283195496,0.006206361576914787,0.9003514051437378,1
0.4464666247367859,0.36938026547431946,-0.026064332574605942,0.999825119972229,0.44148439168930054,0.34911683201789856,-0.02171793207526207,0.9997662305831909,0.4394392967224121,0.34873679280281067,-0.021973244845867157,0.9997757077217102,0.43738916516304016,0.34841829538345337,-0.02192985825240612,0.9998415112495422,0.44199562072753906,0.34833669662475586,-0.05516283959150314,0.9998648166656494,0.44038957357406616,0.3476935923099518,-0.055385708808898926,0.9998949766159058,0.4388304650783539,0.34719717502593994,-0.05547738075256348,0.9999100565910339,0.4227488338947296,0.3515639305114746,0.013941102661192417,0.999915361404419,0.4256221055984497,0.35277265310287476,-0.1392715722322464,0.9997830390930176,0.44033873081207275,0.38558632135391235,-0.006708251312375069,0.9992343187332153,0.4404781758785248,0.38581186532974243,-0.05238289386034012,0.9993978142738342,0.3943198323249817,0.44449859857559204,0.10252925008535385,0.9999397993087769,0.4223576486110687,0.4536413252353668,-0.21089281141757965,0.9999145269393921,0.45996055006980896,0.48601198196411133,0.1989532858133316,0.056333690881729126,0.49255555868148804,0.5286217927932739,-0.2098189890384674,0.9236364364624023,0.4871940016746521,0.3911440670490265,0.24244970083236694,0.08145718276500702,0.4929007589817047,0.4182893633842468,-0.06778141111135483,0.8747721910476685,0.4960092604160309,0.36581480503082275,0.26009997725486755,0.12688861787319183,0.5010971426963806,0.3775564134120941,-0.08138208836317062,0.8781934976577759,0.4902750253677368,0.3610875904560089,0.24341510236263275,0.12667427957057953,0.49265286326408386,0.3701791763305664,-0.07086976617574692,0.8727927803993225,0.4864851236343384,0.3709532618522644,0.2357199639081955,0.13712915778160095,0.4880721867084503,0.3861702084541321,-0.06226181238889694,0.8265234231948853,0.4343087375164032,0.68580162525177,0.10938567668199539,0.9999608993530273,0.44291508197784424,0.7111724019050598,-0.10949261486530304,0.9999675750732422,0.5167571306228638,0.666840672492981,0.318209707736969,0.06279969215393066,0.5547899603843689,0.7527921199798584,-0.09477818012237549,0.9121062755584717,0.516251266002655,0.8211248517036438,0.4295835494995117,0.1811715066432953,0.5644112825393677,0.9272656440734863,-0.024114636704325676,0.9302690625190735,0.5072837471961975,0.852911651134491,0.4400731325149536,0.3655703067779541,0.5547358989715576,0.9607029557228088,-0.013024588115513325,0.9119293093681335,0.5398956537246704,0.8568841814994812,0.4702187776565552,0.31096887588500977,0.6014673709869385,0.9463582634925842,-0.0035538426600396633,0.9003503918647766,1
0.4464370310306549,0.3690490424633026,-0.03110785223543644,0.9998209476470947,0.4413844347000122,0.3488145172595978,-0.026741286739706993,0.9997650384902954,0.43929389119148254,0.3484315574169159,-0.02700231783092022,0.9997732639312744,0.43717458844184875,0.34810927510261536,-0.026958229020237923,0.999841034412384,0.441910058259964,0.34802505373954773,-0.05951075628399849,0.9998642802238464,0.44028767943382263,0.3473716676235199,-0.059733591973781586,0.9998937249183655,0.4387062191963196,0.3468542993068695,-0.05982569232583046,0.9999098181724548,0.4225515127182007,0.3513701856136322,0.008009429089725018,0.9999144673347473,0.42535310983657837,0.3525125980377197,-0.1414230465888977,0.9997813701629639,0.4402807950973511,0.38508141040802,-0.011872667819261551,0.9992343783378601,0.44043228030204773,0.38538646697998047,-0.05655992031097412,0.9994006156921387,0.3950098156929016,0.4429640471935272,0.09897582978010178,0.9999406933784485,0.42216047644615173,0.45394158363342285,-0.213338240981102,0.9999150633811951,0.45976731181144714,0.48731571435928345,0.19039121270179749,0.05412619560956955,0.49262312054634094,0.5316031575202942,-0.21045972406864166,0.9181927442550659,0.48798805475234985,0.39155319333076477,0.21366852521896362,0.07912495732307434,0.4929509460926056,0.4202863574028015,-0.06934961676597595,0.8673306703567505,0.4965742826461792,0.3669727146625519,0.22931872308254242,0.12395334243774414,0.5010839700698853,0.3814105987548828,-0.08334159851074219,0.8703364729881287,0.49033838510513306,0.3616774082183838,0.2128402590751648,0.12370636314153671,0.4925697147846222,0.37429505586624146,-0.0732799544930458,0.8646227121353149,0.48648592829704285,0.37114471197128296,0.20665216445922852,0.13389499485492706,0.4879647195339203,0.39096206426620483,-0.06399668008089066,0.815041720867157,0.4353567063808441,0.6823086738586426,0.10925910621881485,0.9999621510505676,0.44176000356674194,0.7097748517990112,-0.10936082154512405,0.9999682903289795,0.5211631655693054,0.669483482837677,0.3018759489059448,0.059372130781412125,0.554256021976471,0.7527574896812439,-0.09326296299695969,0.906958281993866,0.5160244107246399,0.821200966835022,0.4175560772418976,0.1726236492395401,0.5635632276535034,0.9263573884963989,-0.020738888531923294,0.9248881936073303,0.5069013833999634,0.8538141250610352,0.4285239279270172,0.35225290060043335,0.5540476441383362,0.9603421688079834,-0.009721735492348671,0.9045725464820862,0.5400157570838928,0.8579577207565308,0.4568561017513275,0.29878655076026917,0.6014853715896606,0.9465758204460144,0.0005400163936428726,0.8941649198532104,1
0.44638028740882874,0.368927001953125,-0.0312011931091547,0.9998160004615784,0.4413185715675354,0.34864673018455505,-0.02671998180449009,0.9997625350952148,0.43917566537857056,0.34825578331947327,-0.02698066271841526,0.999768853187561,0.43697234988212585,0.34794703125953674,-0.026936504989862442,0.9998396039009094,0.4418528974056244,0.34785744547843933,-0.05951722711324692,0.9998632073402405,0.4402073323726654,0.34719017148017883,-0.05973975732922554,0.9998916983604431,0.43859589099884033,0.34666579961776733,-0.05983160436153412,0.9999092221260071,0.42218104004859924,0.3512991964817047,0.008197524584829807,0.999912679195404,0.42501920461654663,0.3524129390716553,-0.14122746884822845,0.9997793436050415,0.4400196969509125,0.38482463359832764,-0.01185479573905468,0.9992324113845825,0.44022101163864136,0.3851165175437927,-0.05658509582281113,0.9994034171104431,0.39493104815483093,0.4413403570652008,0.09993914514780045,0.9999414086341858,0.42144420742988586,0.45393916964530945,-0.21377818286418915,0.9999158978462219,0.4586194157600403,0.48801666498184204,0.19042612612247467,0.052098967134952545,0.49257609248161316,0.5348597764968872,-0.2109617441892624,0.9131448268890381,0.4880577325820923,0.3923611044883728,0.2098919302225113,0.07811074703931808,0.4929843544960022,0.42261186242103577,-0.07022850215435028,0.8638499975204468,0.4975271224975586,0.3678906559944153,0.2253766655921936,0.12304254621267319,0.5014028549194336,0.38498613238334656,-0.08442758023738861,0.8657225966453552,0.4907604157924652,0.36331552267074585,0.20828376710414886,0.1227702796459198,0.4926920533180237,0.37857785820961,-0.07430824637413025,0.8598283529281616,0.4865255057811737,0.37156566977500916,0.20258668065071106,0.1326216161251068,0.48803770542144775,0.3933523893356323,-0.0648343563079834,0.8070437908172607,0.43557611107826233,0.6806840896606445,0.10950469970703125,0.9999627470970154,0.4410851299762726,0.7081454396247864,-0.1096036359667778,0.9999685287475586,0.5225295424461365,0.6707181930541992,0.3018345832824707,0.0554344616830349,0.5539385676383972,0.7526192665100098,-0.10270605236291885,0.9001307487487793,0.5159542560577393,0.8210188150405884,0.4191228747367859,0.16183751821517944,0.5633542537689209,0.9262821078300476,-0.027922535315155983,0.9163852334022522,0.5066520571708679,0.8539571762084961,0.4306145906448364,0.3345257639884949,0.5538835525512695,0.9605576395988464,-0.01650380529463291,0.8939821124076843,0.5399684906005859,0.8580704927444458,0.45999640226364136,0.2820253074169159,0.6015501618385315,0.9464446902275085,-0.0060652801766991615,0.8841370344161987,1
0.4462151527404785,0.3683165907859802,-0.029748577624559402,0.9997979402542114,0.44099700450897217,0.34787851572036743,-0.025202395394444466,0.9997410774230957,0.4388279914855957,0.34749048948287964,-0.025458211079239845,0.9997456669807434,0.4365939795970917,0.34718549251556396,-0.025411028414964676,0.9998244047164917,0.44148916006088257,0.3470170795917511,-0.0577411875128746,0.9998522400856018,0.4398123323917389,0.34629759192466736,-0.057965558022260666,0.9998825788497925,0.4381870627403259,0.3457256257534027,-0.05805717408657074,0.9999033808708191,0.4218119978904724,0.3508223295211792,0.009001586586236954,0.9999028444290161,0.4246846139431,0.3518664836883545,-0.13872584700584412,0.9997668266296387,0.4397260844707489,0.3839942514896393,-0.010663459077477455,0.9991809725761414,0.43990620970726013,0.3843458890914917,-0.05496055260300636,0.9993752837181091,0.39489611983299255,0.44068828225135803,0.10087887197732925,0.9999397993087769,0.4213234782218933,0.4539375603199005,-0.21311624348163605,0.9999167919158936,0.45745226740837097,0.49157461524009705,0.17944441735744476,0.049864333122968674,0.49255847930908203,0.5355366468429565,-0.20684392750263214,0.9123044013977051,0.48781320452690125,0.3932898938655853,0.17523328959941864,0.07589751482009888,0.49301379919052124,0.4211302399635315,-0.06458485126495361,0.8679423928260803,0.49750426411628723,0.3691822290420532,0.1873609870672226,0.12090808898210526,0.5014054775238037,0.38506829738616943,-0.07841682434082031,0.8692641854286194,0.4905923902988434,0.36536705493927,0.1715126782655716,0.12051185220479965,0.49267059564590454,0.37843719124794006,-0.06970582902431488,0.8635197877883911,0.4862246513366699,0.3731907606124878,0.16784615814685822,0.12999707460403442,0.4879116415977478,0.3924909830093384,-0.059450436383485794,0.8106114864349365,0.43556007742881775,0.6804784536361694,0.10951200127601624,0.9999630451202393,0.44112691283226013,0.7073673605918884,-0.10961250960826874,0.9999688267707825,0.5222121477127075,0.6728194355964661,0.30389001965522766,0.052471186965703964,0.5539019703865051,0.7521459460258484,-0.10541454702615738,0.898456335067749,0.5133063793182373,0.8213192224502563,0.42216774821281433,0.15570223331451416,0.5628532767295837,0.9248698353767395,-0.0330655574798584,0.9135244488716125,0.5059428811073303,0.8557143807411194,0.4333949089050293,0.32645484805107117,0.5530391335487366,0.9595974683761597,-0.02181144431233406,0.8905818462371826,0.5397895574569702,0.8596592545509338,0.4636322557926178,0.2728472650051117,0.601431131362915,0.9464594721794128,-0.01003805361688137,0.880771279335022,1
0.44613805413246155,0.3679463565349579,-0.03158167004585266,0.9997304677963257,0.44090861082077026,0.3475708067417145,-0.02629331685602665,0.9996581077575684,0.4387240707874298,0.34708720445632935,-0.026540661230683327,0.999659538269043,0.43647557497024536,0.3466912508010864,-0.026487113907933235,0.9997671842575073,0.4413735568523407,0.34670284390449524,-0.05879591032862663,0.9998062252998352,0.4396677315235138,0.3458805978298187,-0.05902232229709625,0.9998441934585571,0.4380072355270386,0.34519827365875244,-0.05910823121666908,0.9998772144317627,0.4216650426387787,0.3501603603363037,0.009144946001470089,0.9998646378517151,0.4243592321872711,0.3511638343334198,-0.13820187747478485,0.9997053742408752,0.4394473135471344,0.38335129618644714,-0.011641297489404678,0.9989764094352722,0.43954360485076904,0.383792519569397,-0.05578422173857689,0.9992420673370361,0.3961612582206726,0.43911346793174744,0.10241304337978363,0.9999327659606934,0.4209102690219879,0.45339182019233704,-0.21314333379268646,0.9999135136604309,0.45759329199790955,0.4923703670501709,0.14452916383743286,0.04673868045210838,0.4921500086784363,0.5359379053115845,-0.20458091795444489,0.9118044376373291,0.48821571469306946,0.3938327729701996,0.07909651845693588,0.07196561247110367,0.4929450750350952,0.42534828186035156,-0.05993620678782463,0.869274377822876,0.49877089262008667,0.37099048495292664,0.08060135692358017,0.11587464809417725,0.5013955235481262,0.39079123735427856,-0.0736379623413086,0.8695411682128906,0.4910750389099121,0.3668012022972107,0.0682796910405159,0.11530523747205734,0.4926108121871948,0.38325926661491394,-0.06820867210626602,0.8636640310287476,0.4863443076610565,0.37458938360214233,0.07120122015476227,0.12413042038679123,0.4877125918865204,0.39882802963256836,-0.055691495537757874,0.809098482131958,0.43558359146118164,0.6797265410423279,0.10951241105794907,0.9999627470970154,0.44098731875419617,0.7060418725013733,-0.10961513221263885,0.9999682307243347,0.5220828652381897,0.6730039715766907,0.2998414635658264,0.049297161400318146,0.5538884401321411,0.7512580752372742,-0.11143597215414047,0.8911188840866089,0.5135248899459839,0.8274854421615601,0.40752822160720825,0.14844591915607452,0.5620931386947632,0.9236504435539246,-0.03973076492547989,0.9039558172225952,0.505793035030365,0.8580417633056641,0.4169710576534271,0.3136317729949951,0.5519444942474365,0.9590743184089661,-0.02890842594206333,0.8787018060684204,0.539840579032898,0.8646983504295349,0.4421405792236328,0.2614259421825409,0.6013453602790833,0.9466378092765808,-0.019473480060696602,0.8703781962394714,1
0.4460279047489166,0.36790913343429565,-0.03178217262029648,0.9996557235717773,0.44082364439964294,0.3474416434764862,-0.026286061853170395,0.9995670318603516,0.43863070011138916,0.3469228148460388,-0.0265340618789196,0.9995726943016052,0.43636927008628845,0.3465088903903961,-0.02648121677339077,0.9997075200080872,0.44130244851112366,0.34653306007385254,-0.05895432457327843,0.999753475189209,0.43960732221603394,0.3456270396709442,-0.0591803677380085,0.9998013973236084,0.43795982003211975,0.34486088156700134,-0.05925937741994858,0.9998466968536377,0.4215272068977356,0.3499009311199188,0.012356421910226345,0.9998259544372559,0.42428770661354065,0.3506464958190918,-0.13782455027103424,0.9996377229690552,0.43922823667526245,0.3830706775188446,-0.011630856432020664,0.9987716674804688,0.4393675923347473,0.38354745507240295,-0.055878546088933945,0.9991000890731812,0.3961431384086609,0.43852493166923523,0.10361359268426895,0.9999265074729919,0.420367568731308,0.45308718085289,-0.21273298561573029,0.9999101161956787,0.45739132165908813,0.4959908425807953,0.11164586246013641,0.04329917952418327,0.4918743968009949,0.5373494029045105,-0.20008113980293274,0.9105092883110046,0.48816078901290894,0.39691224694252014,0.0008240279858000576,0.06705490499734879,0.49295124411582947,0.42628055810928345,-0.05266481265425682,0.8657381534576416,0.4993143677711487,0.3738340735435486,-0.005929186008870602,0.1091901957988739,0.5017435550689697,0.3913174867630005,-0.06617745012044907,0.8657835721969604,0.4913027882575989,0.37060531973838806,-0.016010712832212448,0.1085137203335762,0.49298447370529175,0.3843328058719635,-0.06348482519388199,0.8593854904174805,0.4863586723804474,0.3784964978694916,-0.007593218702822924,0.11662249267101288,0.48790156841278076,0.39990532398223877,-0.049185290932655334,0.8016999363899231,0.435588002204895,0.6791796684265137,0.10942951589822769,0.9999626278877258,0.44100624322891235,0.705364465713501,-0.10953933745622635,0.9999679327011108,0.5215814709663391,0.6736576557159424,0.30102139711380005,0.046212684363126755,0.5538824796676636,0.7511967420578003,-0.11512012034654617,0.8875892758369446,0.5132396817207336,0.8310030102729797,0.4099801480770111,0.14231741428375244,0.5612736344337463,0.923073947429657,-0.04760809615254402,0.8986580967903137,0.5050757527351379,0.8602953553199768,0.41958269476890564,0.3032887876033783,0.5512168407440186,0.9589647054672241,-0.03741682693362236,0.8719574213027954,0.5396854877471924,0.8672674298286438,0.44545862078666687,0.25278785824775696,0.600829005241394,0.9464511275291443,-0.028747376054525375,0.8647577166557312,1
0.445660263299942,0.3677213490009308,-0.03558360040187836,0.9996145963668823,0.44064587354660034,0.34728094935417175,-0.029741577804088593,0.9995225667953491,0.4385085999965668,0.346725195646286,-0.029986174777150154,0.9995277523994446,0.43628016114234924,0.3462660014629364,-0.029928037896752357,0.999678909778595,0.4410296082496643,0.3463444709777832,-0.06247784197330475,0.9997266530990601,0.43934768438339233,0.3453825116157532,-0.0627036988735199,0.999777615070343,0.43769776821136475,0.3445526957511902,-0.06277872622013092,0.999830424785614,0.4213397204875946,0.3495462238788605,0.009816637262701988,0.9998061656951904,0.4238344728946686,0.3503342866897583,-0.13897760212421417,0.9995986223220825,0.43889373540878296,0.38276615738868713,-0.014927306212484837,0.9986557960510254,0.4389893412590027,0.3832815885543823,-0.05921206623315811,0.9990184307098389,0.39728686213493347,0.4376438558101654,0.10167825222015381,0.9999235272407532,0.420439749956131,0.45307430624961853,-0.21408994495868683,0.9999073147773743,0.45666682720184326,0.49532243609428406,0.12681467831134796,0.040670257061719894,0.4914547801017761,0.5385580062866211,-0.20206688344478607,0.9061790108680725,0.48812681436538696,0.39817872643470764,0.05127507820725441,0.0638263076543808,0.49294179677963257,0.43206748366355896,-0.056753017008304596,0.8598968982696533,0.499152272939682,0.3748650550842285,0.05095967277884483,0.1051468625664711,0.5017455816268921,0.3945339024066925,-0.070546954870224,0.8593001365661621,0.49128207564353943,0.37168440222740173,0.03819038346409798,0.10434626787900925,0.4930337965488434,0.38807183504104614,-0.06590674072504044,0.8524360656738281,0.48631221055984497,0.3799041509628296,0.04294663667678833,0.11189217865467072,0.48791277408599854,0.4045105278491974,-0.052774008363485336,0.7913867235183716,0.43734583258628845,0.6751851439476013,0.10940197855234146,0.999963104724884,0.44098517298698425,0.7040403485298157,-0.10951260477304459,0.9999679327011108,0.5215390920639038,0.6736212372779846,0.30161425471305847,0.04365069419145584,0.5537405014038086,0.7507960200309753,-0.11669956147670746,0.8821502327919006,0.5123870372772217,0.8303292989730835,0.4110790491104126,0.13641680777072906,0.5607569217681885,0.9222102761268616,-0.04391220957040787,0.8909957408905029,0.5042850375175476,0.8608604073524475,0.42079952359199524,0.2921244204044342,0.5507012605667114,0.9583473205566406,-0.03307860717177391,0.8617841601371765,0.5391851663589478,0.8670865893363953,0.44718697667121887,0.2433999627828598,0.6007785201072693,0.9473384022712708,-0.02328878454864025,0.8562547564506531,1
0.44514816999435425,0.3675816059112549,-0.039828792214393616,0.9996097087860107,0.440214067697525,0.3470071852207184,-0.03392524644732475,0.9995203614234924,0.43808621168136597,0.34642305970191956,-0.03416697308421135,0.9995246529579163,0.4358212351799011,0.34593501687049866,-0.03410482779145241,0.9996766448020935,0.4405475854873657,0.34609249234199524,-0.06642372161149979,0.9997257590293884,0.4388640820980072,0.34512317180633545,-0.06664880365133286,0.9997764229774475,0.4371756911277771,0.3442918360233307,-0.06672076135873795,0.9998301267623901,0.42077481746673584,0.34935516119003296,0.006174921058118343,0.9998036026954651,0.4231095016002655,0.3502080738544464,-0.14055243134498596,0.9995992183685303,0.4381175935268402,0.38254910707473755,-0.018773972988128662,0.9986381530761719,0.4382326304912567,0.38314542174339294,-0.0627170279622078,0.9990139007568359,0.3979106843471527,0.4366052746772766,0.10095427930355072,0.9999210238456726,0.4204694330692291,0.45306816697120667,-0.21526575088500977,0.9999076128005981,0.4554974138736725,0.49432361125946045,0.13144414126873016,0.03871409222483635,0.49006062746047974,0.5394628643989563,-0.2031507045030594,0.9074175953865051,0.4881095886230469,0.3974488377571106,0.059412214905023575,0.06198154017329216,0.4929536283016205,0.4364031255245209,-0.058708641678094864,0.8637957572937012,0.49951159954071045,0.3746258616447449,0.05963214859366417,0.10354574024677277,0.5018959641456604,0.39874497056007385,-0.07257101684808731,0.8624489903450012,0.49180617928504944,0.3710824251174927,0.04586043208837509,0.10252337902784348,0.49328774213790894,0.39165759086608887,-0.06718917191028595,0.855586051940918,0.4865407347679138,0.3791261315345764,0.05081302672624588,0.10959690809249878,0.48797282576560974,0.4080650210380554,-0.05448826029896736,0.7941324710845947,0.43731963634490967,0.6747289896011353,0.10941803455352783,0.9999638199806213,0.44097423553466797,0.7032899856567383,-0.10952843725681305,0.9999684691429138,0.5253538489341736,0.6814574003219604,0.301142156124115,0.04316039755940437,0.5535547733306885,0.7500774264335632,-0.11963281780481339,0.8841474056243896,0.5118686556816101,0.8324964046478271,0.4109344482421875,0.13769657909870148,0.5604312419891357,0.9221035242080688,-0.05047839507460594,0.8919165134429932,0.5027640461921692,0.8634557127952576,0.42062675952911377,0.29431581497192383,0.5505111813545227,0.9583277106285095,-0.04000718519091606,0.8615688681602478,0.5391079187393188,0.8688138127326965,0.44755372405052185,0.24475643038749695,0.6006408333778381,0.9474465847015381,-0.030171383172273636,0.8576601147651672,1
0.445030152797699,0.3670559227466583,-0.03817905858159065,0.9995865225791931,0.44012802839279175,0.3466000258922577,-0.03151218965649605,0.9994966387748718,0.4380389451980591,0.3459993004798889,-0.03173918277025223,0.9995022416114807,0.4358053207397461,0.3454812467098236,-0.03166794404387474,0.9996616244316101,0.4404050409793854,0.3456448018550873,-0.06429837644100189,0.9997105598449707,0.43873775005340576,0.34463953971862793,-0.06451856344938278,0.9997633099555969,0.4370684325695038,0.343757688999176,-0.06457188725471497,0.9998207092285156,0.4207344651222229,0.34884944558143616,0.011079258285462856,0.9997930526733398,0.4229721426963806,0.3496336340904236,-0.13710728287696838,0.9995775818824768,0.43803584575653076,0.3820626139640808,-0.01614215224981308,0.9985651969909668,0.43816426396369934,0.3825532793998718,-0.0603579618036747,0.9989624619483948,0.39751216769218445,0.4358017146587372,0.10533691197633743,0.9999175667762756,0.4204617142677307,0.4530734121799469,-0.21184542775154114,0.9999035000801086,0.45488205552101135,0.4947301149368286,0.12549228966236115,0.03635692968964577,0.48965105414390564,0.5421156883239746,-0.2018616646528244,0.9023056030273438,0.48796117305755615,0.39783549308776855,0.028246557340025902,0.05880165100097656,0.49276357889175415,0.4400356113910675,-0.05901993438601494,0.852056086063385,0.4993794858455658,0.3775347173213959,0.02372218854725361,0.0995694026350975,0.5018922686576843,0.40581050515174866,-0.07268495857715607,0.851293683052063,0.4917396008968353,0.3731168508529663,0.011653744615614414,0.09842215478420258,0.49328553676605225,0.398549348115921,-0.06787017732858658,0.8437511920928955,0.4865102767944336,0.38202258944511414,0.019443262368440628,0.10499289631843567,0.4879733622074127,0.4117109477519989,-0.05499516800045967,0.778563380241394,0.4372186064720154,0.6736586093902588,0.10945195704698563,0.9999645948410034,0.44082126021385193,0.7024904489517212,-0.10956481099128723,0.9999687075614929,0.5269347429275513,0.6806616187095642,0.29264599084854126,0.04281853884458542,0.5534378290176392,0.7491013407707214,-0.12214413285255432,0.885379433631897,0.5115410685539246,0.8323293328285217,0.39102575182914734,0.1410648673772812,0.5604742765426636,0.9222348928451538,-0.05957615375518799,0.8935256004333496,0.5025722980499268,0.863516628742218,0.39917829632759094,0.297114759683609,0.5506801009178162,0.9593673348426819,-0.050020184367895126,0.8616891503334045,0.5391458868980408,0.8686211109161377,0.4196820855140686,0.2496226578950882,0.6003903746604919,0.9474847912788391,-0.04516896232962608,0.8599777817726135,1
0.44426199793815613,0.36690187454223633,-0.036496806889772415,0.9995594620704651,0.43975740671157837,0.3464010953903198,-0.029268987476825714,0.9994667768478394,0.43779003620147705,0.34574437141418457,-0.029492212459445,0.9994717240333557,0.43564680218696594,0.34514307975769043,-0.029421372339129448,0.9996424913406372,0.43990859389305115,0.34546786546707153,-0.06215701997280121,0.9996919631958008,0.4382905066013336,0.3444441258907318,-0.062374744564294815,0.9997463822364807,0.43664419651031494,0.34352660179138184,-0.062422703951597214,0.9998090863227844,0.4205514192581177,0.34835878014564514,0.01402242947369814,0.9997777938842773,0.4224855303764343,0.34933388233184814,-0.13445036113262177,0.9995471239089966,0.43766558170318604,0.38190555572509766,-0.014122793450951576,0.9984766840934753,0.4377419352531433,0.3823662996292114,-0.05841528996825218,0.9989009499549866,0.39714255928993225,0.4344717562198639,0.10812221467494965,0.9999135732650757,0.4204150140285492,0.4529290497303009,-0.2088036835193634,0.9998983144760132,0.45463263988494873,0.4948154091835022,0.1299971491098404,0.03430982306599617,0.4885920584201813,0.5448185801506042,-0.19786156713962555,0.8946981430053711,0.48636922240257263,0.39886876940727234,0.03798716515302658,0.05629505217075348,0.4920557737350464,0.4494576156139374,-0.05384562537074089,0.8383935689926147,0.49936044216156006,0.3795008063316345,0.03449711576104164,0.09654153138399124,0.5014572739601135,0.4117578864097595,-0.06654442101716995,0.8376942276954651,0.49168771505355835,0.37533268332481384,0.021584516391158104,0.09530197083950043,0.49313271045684814,0.40536439418792725,-0.06261195987462997,0.8295395970344543,0.4862692654132843,0.3849104940891266,0.029025252908468246,0.10137996822595596,0.4877297282218933,0.4211091697216034,-0.04990514740347862,0.7605276107788086,0.4370207190513611,0.6733437776565552,0.1094437912106514,0.9999648332595825,0.44066086411476135,0.7015931010246277,-0.10955740511417389,0.999968409538269,0.5284894108772278,0.6811215281486511,0.2776317000389099,0.041674818843603134,0.5531447529792786,0.7485519051551819,-0.12273506820201874,0.8805122971534729,0.511467695236206,0.8324045538902283,0.37055355310440063,0.13887764513492584,0.5605268478393555,0.9222593307495117,-0.05806847661733627,0.8889375329017639,0.5027973651885986,0.8655439019203186,0.37825289368629456,0.2917931377887726,0.5507199168205261,0.9595080614089966,-0.04825920984148979,0.8543110489845276,0.5395985245704651,0.8722274303436279,0.39741984009742737,0.24551989138126373,0.6000858545303345,0.9481385946273804,-0.04295302554965019,0.8546497821807861,1
0.4439646303653717,0.3667251169681549,-0.036207232624292374,0.9995218515396118,0.4395820200443268,0.34614497423171997,-0.029214952141046524,0.9994206428527832,0.43767741322517395,0.34545326232910156,-0.029434433206915855,0.999424397945404,0.43557921051979065,0.3447975814342499,-0.02936248667538166,0.9996122121810913,0.4396745562553406,0.3452507555484772,-0.06213034316897392,0.9996667504310608,0.43809258937835693,0.34422460198402405,-0.06234845891594887,0.9997248649597168,0.4364721477031708,0.3432825803756714,-0.062399763613939285,0.9997950196266174,0.4204104244709015,0.3479745388031006,0.014402588829398155,0.9997536540031433,0.4222196340560913,0.34910017251968384,-0.13459524512290955,0.9995105266571045,0.43751513957977295,0.38182875514030457,-0.01402941532433033,0.998348593711853,0.437560498714447,0.3822857439517975,-0.05835527926683426,0.9988232851028442,0.39708033204078674,0.43448835611343384,0.10894390940666199,0.9999065399169922,0.42041635513305664,0.45295166969299316,-0.20905637741088867,0.9998928308486938,0.4546772241592407,0.49555760622024536,0.12577120959758759,0.03226408734917641,0.4882381558418274,0.5465469360351562,-0.19870424270629883,0.8932186961174011,0.48554089665412903,0.4014705419540405,0.02341064065694809,0.05328895524144173,0.49271249771118164,0.45131540298461914,-0.05487673357129097,0.8332998752593994,0.49944207072257996,0.38144782185554504,0.018032195046544075,0.09241471439599991,0.5027015805244446,0.41229248046875,-0.06774835288524628,0.8315543532371521,0.4917381703853607,0.3766193389892578,0.005918270908296108,0.09110809117555618,0.49413469433784485,0.40517738461494446,-0.06360600888729095,0.8229756355285645,0.4861924946308136,0.3872871398925781,0.014390727505087852,0.09674397110939026,0.48830053210258484,0.4222875237464905,-0.05082284286618233,0.7511732578277588,0.43804988265037537,0.6716043949127197,0.10925587266683578,0.9999648332595825,0.4403778314590454,0.70108562707901,-0.10937318205833435,0.9999679923057556,0.5326905846595764,0.6806239485740662,0.2596386671066284,0.04111624136567116,0.5531088709831238,0.7481128573417664,-0.12217497080564499,0.8736869692802429,0.5115788578987122,0.8329247832298279,0.3457481563091278,0.13740333914756775,0.5604787468910217,0.9223895072937012,-0.05286641791462898,0.8821305632591248,0.5029588937759399,0.8669995069503784,0.35279491543769836,0.2877681255340576,0.5496789813041687,0.9595758318901062,-0.04265361279249191,0.845014214515686,0.5408620238304138,0.8770052790641785,0.36899030208587646,0.2422691136598587,0.5996253490447998,0.9488307237625122,-0.03644850105047226,0.8469923734664917,1
0.44392555952072144,0.3664504587650299,-0.03664543479681015,0.9994082450866699,0.4395846128463745,0.3458699882030487,-0.029414672404527664,0.9992715716362,0.43768441677093506,0.34514743089675903,-0.029634801670908928,0.9992758631706238,0.43559184670448303,0.3444434702396393,-0.02956363372504711,0.9995149374008179,0.43967488408088684,0.3450266122817993,-0.0626286193728447,0.9995829463005066,0.4380919337272644,0.3440086543560028,-0.06284666061401367,0.9996550679206848,0.4364696145057678,0.3430543839931488,-0.06289852410554886,0.9997473359107971,0.42032569646835327,0.34755489230155945,0.01498129777610302,0.9996740221977234,0.42201945185661316,0.3488423526287079,-0.13477666676044464,0.9993869066238403,0.4374680519104004,0.3817363977432251,-0.014095784164965153,0.9979686737060547,0.43751996755599976,0.38217225670814514,-0.05870995298027992,0.9985790848731995,0.39720726013183594,0.434497594833374,0.10921374708414078,0.9998937845230103,0.42047104239463806,0.45294392108917236,-0.2081151008605957,0.9998806118965149,0.4547279477119446,0.49882254004478455,0.10727962851524353,0.029874691739678383,0.4879385828971863,0.5480060577392578,-0.19499774277210236,0.8858808279037476,0.48526036739349365,0.4052779972553253,-0.024378536269068718,0.049559205770492554,0.49261102080345154,0.4537207782268524,-0.04729723930358887,0.816249430179596,0.4994105398654938,0.38578400015830994,-0.035083651542663574,0.08677078038454056,0.5026727914810181,0.4144660532474518,-0.059311989694833755,0.8139193654060364,0.4916606843471527,0.37990474700927734,-0.045843370258808136,0.08549612760543823,0.4940512776374817,0.40724268555641174,-0.057205166667699814,0.8047095537185669,0.48566707968711853,0.3904328942298889,-0.03380768373608589,0.09061721712350845,0.48818239569664,0.42386099696159363,-0.04376453906297684,0.7290705442428589,0.4387640655040741,0.6698339581489563,0.1084219217300415,0.9999639987945557,0.44030991196632385,0.6997368335723877,-0.10854851454496384,0.9999667406082153,0.5348294973373413,0.6802977323532104,0.2463434338569641,0.039059001952409744,0.5531139373779297,0.7480877637863159,-0.12024910748004913,0.8554962873458862,0.5123158097267151,0.8332786560058594,0.32922372221946716,0.13155429065227509,0.5605610609054565,0.9224279522895813,-0.04884137213230133,0.8662492632865906,0.503275454044342,0.8677613139152527,0.3358020484447479,0.27589133381843567,0.5497568845748901,0.9593454003334045,-0.03800363838672638,0.8263222575187683,0.5429900288581848,0.8813323974609375,0.3484443128108978,0.2323628067970276,0.5994064211845398,0.9490875005722046,-0.03488534316420555,0.8291986584663391,1
0.44392451643943787,0.3654986321926117,-0.03377733379602432,0.9993980526924133,0.4395865499973297,0.34508854150772095,-0.02643056958913803,0.9992613792419434,0.43768781423568726,0.34434372186660767,-0.026653366163372993,0.9992645978927612,0.4355979561805725,0.34361374378204346,-0.02658233605325222,0.9995081424713135,0.439668744802475,0.34433165192604065,-0.06009873375296593,0.9995785355567932,0.4380774199962616,0.34335944056510925,-0.06031867116689682,0.9996508359909058,0.43644529581069946,0.3424574136734009,-0.06037160009145737,0.99974524974823,0.42010363936424255,0.34664684534072876,0.016750043258070946,0.9996687769889832,0.42172399163246155,0.3481700122356415,-0.13423371315002441,0.9993834495544434,0.4374270737171173,0.3811857998371124,-0.011668735183775425,0.9979512095451355,0.4374775290489197,0.38158631324768066,-0.05684887617826462,0.9985765814781189,0.3970258831977844,0.43448886275291443,0.11074353754520416,0.9998917579650879,0.4207102656364441,0.45294442772865295,-0.20841528475284576,0.9998801946640015,0.45387744903564453,0.500453531742096,0.1134532168507576,0.02809072472155094,0.4876185357570648,0.5489107966423035,-0.1962895691394806,0.8841919898986816,0.48510706424713135,0.40896525979042053,0.02872302755713463,0.04696829617023468,0.49281957745552063,0.4497653841972351,-0.0500217042863369,0.8153733015060425,0.4993616044521332,0.3897036612033844,0.02589871920645237,0.0832059383392334,0.503236711025238,0.4118528962135315,-0.06265494227409363,0.8121460676193237,0.49129292368888855,0.38362792134284973,0.013430136255919933,0.08187076449394226,0.4941996932029724,0.4044245779514313,-0.05922170355916023,0.8025403022766113,0.4844086766242981,0.39291271567344666,0.02004210464656353,0.08667643368244171,0.48829570412635803,0.42021697759628296,-0.04628542810678482,0.7247346639633179,0.43806442618370056,0.6699598431587219,0.10842552781105042,0.9999647736549377,0.4402042031288147,0.6990393996238708,-0.10855197161436081,0.9999673962593079,0.533856213092804,0.6803388595581055,0.2608376443386078,0.0387885719537735,0.5532194375991821,0.7478951215744019,-0.12051801383495331,0.8532748818397522,0.5124914646148682,0.8331466317176819,0.35057592391967773,0.1316649615764618,0.5607881546020508,0.9224662780761719,-0.048798736184835434,0.8645090460777283,0.5033160448074341,0.8678957223892212,0.35801252722740173,0.2740960419178009,0.5501741766929626,0.9594402313232422,-0.03818750008940697,0.822730541229248,0.5433196425437927,0.8799817562103271,0.3751441538333893,0.2315392792224884,0.5997747778892517,0.949089765548706,-0.03431843966245651,0.8269033432006836,1
0.44390439987182617,0.36477115750312805,-0.026726393029093742,0.9994134306907654,0.43956905603408813,0.3444690704345703,-0.020147230476140976,0.9992837905883789,0.4376837909221649,0.34376421570777893,-0.020376503467559814,0.9992871284484863,0.4355996549129486,0.3430640995502472,-0.020307544618844986,0.9995242357254028,0.43961837887763977,0.3436761796474457,-0.05366247892379761,0.9995905756950378,0.43803733587265015,0.34273427724838257,-0.05388356372714043,0.9996597170829773,0.43641796708106995,0.34185898303985596,-0.05393489822745323,0.9997521042823792,0.42005398869514465,0.3463040292263031,0.019429562613368034,0.9996805191040039,0.4216688573360443,0.34778642654418945,-0.1309291571378708,0.999400794506073,0.4374273419380188,0.3807339072227478,-0.005993196275085211,0.9980190396308899,0.4374764859676361,0.3810572922229767,-0.05105854198336601,0.9986217617988586,0.3970179557800293,0.43452441692352295,0.11098220199346542,0.9998947978019714,0.42094844579696655,0.4529259204864502,-0.20541591942310333,0.9998828768730164,0.45274534821510315,0.5021396279335022,0.12664084136486053,0.026847880333662033,0.48696044087409973,0.5496259927749634,-0.19571176171302795,0.8827525973320007,0.48489829897880554,0.4150485694408417,0.04111003130674362,0.04553946480154991,0.49333667755126953,0.44776180386543274,-0.05154256150126457,0.8166171312332153,0.49898889660835266,0.3950982391834259,0.040389999747276306,0.08153089880943298,0.5038784742355347,0.41000130772590637,-0.06437751650810242,0.8127806186676025,0.49101006984710693,0.3861705958843231,0.024787524715065956,0.07999708503484726,0.4944588243961334,0.4025947153568268,-0.05988708510994911,0.8026602864265442,0.48390352725982666,0.3952866494655609,0.03170447424054146,0.08453559875488281,0.4885439872741699,0.41840702295303345,-0.04760031774640083,0.7231945395469666,0.4371546506881714,0.6701482534408569,0.1079532727599144,0.9999662637710571,0.4401181638240814,0.6988778710365295,-0.10807361453771591,0.9999686479568481,0.5329618453979492,0.6817153096199036,0.267279714345932,0.039587412029504776,0.5532916784286499,0.7478939294815063,-0.12032929807901382,0.8554075360298157,0.5125313997268677,0.8333704471588135,0.36115750670433044,0.1348901093006134,0.5608674883842468,0.9225632548332214,-0.04906131327152252,0.8660159111022949,0.5033615827560425,0.8681831359863281,0.369027704000473,0.2762705981731415,0.5502503514289856,0.9595531225204468,-0.03864031657576561,0.823363184928894,0.5437322854995728,0.8793761730194092,0.3885889947414398,0.2347649186849594,0.5999389886856079,0.94905024766922,-0.03312597796320915,0.82844477891922,1
0.44389665126800537,0.3638606071472168,-0.027385415509343147,0.9994470477104187,0.43955039978027344,0.34364238381385803,-0.02092837728559971,0.9993274807929993,0.4376782476902008,0.34293290972709656,-0.021161489188671112,0.9993304014205933,0.435599148273468,0.3422042429447174,-0.021094508469104767,0.999553382396698,0.4395734369754791,0.34284743666648865,-0.054289985448122025,0.9996157884597778,0.4379975199699402,0.3419305384159088,-0.05451076105237007,0.9996801018714905,0.436385840177536,0.341079443693161,-0.05456625297665596,0.9997668862342834,0.41989627480506897,0.3459298014640808,0.01902557723224163,0.9997008442878723,0.42161956429481506,0.3472673296928406,-0.1314849555492401,0.9994373321533203,0.43742835521698,0.38022497296333313,-0.006665362045168877,0.9981389045715332,0.43746986985206604,0.38035908341407776,-0.05165950953960419,0.9987061023712158,0.39741089940071106,0.4344964623451233,0.11086325347423553,0.9998993873596191,0.42118221521377563,0.45310112833976746,-0.20586803555488586,0.9998881220817566,0.45204856991767883,0.5020767450332642,0.14883045852184296,0.026265323162078857,0.48675107955932617,0.5502303242683411,-0.19589601457118988,0.8849899768829346,0.48441821336746216,0.4137691557407379,0.09677092730998993,0.046095527708530426,0.49372291564941406,0.4465976655483246,-0.052379656583070755,0.8248475193977356,0.49883460998535156,0.39552512764930725,0.1013040766119957,0.08314226567745209,0.5042660236358643,0.4087229073047638,-0.06516925245523453,0.8203973770141602,0.4906763434410095,0.3866427540779114,0.08542999625205994,0.08134374022483826,0.4947439134120941,0.4015573561191559,-0.05931999534368515,0.8104132413864136,0.48314377665519714,0.39577391743659973,0.08810452371835709,0.0857163518667221,0.4886716902256012,0.4170774817466736,-0.0480390302836895,0.7318042516708374,0.43705499172210693,0.6701414585113525,0.10781863331794739,0.9999678134918213,0.43972137570381165,0.6989526152610779,-0.10793008655309677,0.999970018863678,0.5327633619308472,0.6816532015800476,0.27010467648506165,0.04104387387633324,0.5533739328384399,0.7473302483558655,-0.12415788322687149,0.8595100045204163,0.5125669836997986,0.8332849740982056,0.36444979906082153,0.13913913071155548,0.5609333515167236,0.9225841760635376,-0.05361400544643402,0.8690344095230103,0.5033891797065735,0.8680554032325745,0.37240898609161377,0.28002896904945374,0.5502964854240417,0.9597156643867493,-0.043302666395902634,0.825243353843689,0.5442612171173096,0.8789833188056946,0.38916128873825073,0.23996601998806,0.600011944770813,0.9488429427146912,-0.036487877368927,0.8323379755020142,1
0.44390159845352173,0.36336153745651245,-0.0278326328843832,0.9994728565216064,0.43957898020744324,0.34307506680488586,-0.021419363096356392,0.9993616342544556,0.4377342760562897,0.34230613708496094,-0.021653955802321434,0.9993640184402466,0.43568137288093567,0.3414921164512634,-0.021587921306490898,0.9995763897895813,0.4395815134048462,0.3423022925853729,-0.05470389872789383,0.9996356964111328,0.4380090832710266,0.3413671553134918,-0.054924484342336655,0.9996960163116455,0.43640464544296265,0.3404935300350189,-0.05498138815164566,0.9997786283493042,0.41985684633255005,0.34549686312675476,0.018530869856476784,0.9997163414955139,0.4216241240501404,0.3468048870563507,-0.13160857558250427,0.9994657635688782,0.4374372065067291,0.3798052966594696,-0.007083709351718426,0.998234748840332,0.43747180700302124,0.3798390030860901,-0.05200302600860596,0.9987742304801941,0.39762741327285767,0.43386194109916687,0.11049352586269379,0.9999026656150818,0.4213876724243164,0.45310521125793457,-0.20571522414684296,0.9998918175697327,0.451698899269104,0.5016148090362549,0.1486855149269104,0.025542592629790306,0.4867245852947235,0.5515382289886475,-0.19466719031333923,0.8866643309593201,0.48417678475379944,0.4124528169631958,0.08647703379392624,0.04627480357885361,0.49393025040626526,0.44585680961608887,-0.05180485546588898,0.8307763338088989,0.4988008737564087,0.3939642906188965,0.08849449455738068,0.08418073505163193,0.5044992566108704,0.40869519114494324,-0.0643930435180664,0.8256685733795166,0.4905909597873688,0.38589996099472046,0.07358424365520477,0.08218976110219955,0.49496427178382874,0.4010735750198364,-0.05814898759126663,0.8157418370246887,0.4830162227153778,0.3949279189109802,0.07773218303918839,0.0862903743982315,0.4888801872730255,0.4162253737449646,-0.047160554677248,0.7373445630073547,0.4376402795314789,0.6686412692070007,0.10758053511381149,0.9999690651893616,0.4395097494125366,0.6988127827644348,-0.10768641531467438,0.9999710917472839,0.5331874489784241,0.6817381381988525,0.26491039991378784,0.042093463242053986,0.5535299181938171,0.7472810745239258,-0.12337231636047363,0.8607328534126282,0.5129618048667908,0.8358586430549622,0.3571949005126953,0.14171722531318665,0.5611585378646851,0.9227373003959656,-0.05233759805560112,0.8692691326141357,0.5034753084182739,0.8685320615768433,0.3649159371852875,0.2816774845123291,0.5503076910972595,0.9597734212875366,-0.04203088954091072,0.8238860368728638,0.5445283651351929,0.878361701965332,0.38357463479042053,0.2431630641222,0.6000146269798279,0.9484444856643677,-0.03498867526650429,0.8331025838851929,1
0.4441620111465454,0.3620885908603668,-0.046708978712558746,0.9994931221008301,0.43982043862342834,0.34184059500694275,-0.04048670455813408,0.9993867874145508,0.43805286288261414,0.3409225046634674,-0.040727611631155014,0.9993910193443298,0.43607357144355774,0.33989107608795166,-0.04065351560711861,0.999593198299408,0.439688116312027,0.3412627577781677,-0.0733325183391571,0.9996505975723267,0.4380899667739868,0.3403799831867218,-0.07355259358882904,0.9997087121009827,0.43646782636642456,0.33955955505371094,-0.07360661774873734,0.9997876286506653,0.4198591113090515,0.34473204612731934,0.0006516367429867387,0.9997277855873108,0.4216281771659851,0.3464219868183136,-0.1464827060699463,0.9994898438453674,0.4378468096256256,0.379007488489151,-0.02513616532087326,0.9983041286468506,0.4376753270626068,0.37903231382369995,-0.06929604709148407,0.9988272190093994,0.3997383117675781,0.4321272373199463,0.09514942020177841,0.9999047517776489,0.4214407801628113,0.4530958831310272,-0.21538639068603516,0.9998953342437744,0.45195066928863525,0.47462525963783264,0.11510428041219711,0.024638189002871513,0.486395001411438,0.552855908870697,-0.19511441886425018,0.8895609378814697,0.48444896936416626,0.4120463728904724,0.015550750307738781,0.04603211209177971,0.4947827160358429,0.4514070153236389,-0.049853015691041946,0.8388251662254333,0.4994615912437439,0.3929869532585144,0.011094063520431519,0.08453603088855743,0.5049838423728943,0.4130185544490814,-0.062392707914114,0.833515465259552,0.4906850755214691,0.3853059709072113,-0.003397081047296524,0.08233154565095901,0.4954465627670288,0.40465617179870605,-0.05760546773672104,0.8238903880119324,0.48347941040992737,0.3942347466945648,0.005938353016972542,0.08617536723613739,0.4893692135810852,0.42052754759788513,-0.045519690960645676,0.7470521330833435,0.4384501278400421,0.6678916215896606,0.1071862280368805,0.9999696016311646,0.43934062123298645,0.6985763907432556,-0.10728258639574051,0.9999714493751526,0.5342565774917603,0.6850820779800415,0.2651444673538208,0.04188509285449982,0.5533887147903442,0.7472124099731445,-0.12216953188180923,0.8592750430107117,0.5129770636558533,0.8370041251182556,0.3724793493747711,0.13948510587215424,0.5611728429794312,0.922766923904419,-0.04195056110620499,0.8658587336540222,0.5035428404808044,0.8685175776481628,0.3815392851829529,0.2765445411205292,0.5502855181694031,0.9597233533859253,-0.030982302501797676,0.8193240761756897,0.5444402694702148,0.8780132532119751,0.4035998284816742,0.24039140343666077,0.6000170111656189,0.9477348327636719,-0.022994155064225197,0.8302660584449768,1
0.44450658559799194,0.36163362860679626,-0.04998566210269928,0.9995079636573792,0.44010549783706665,0.3413391709327698,-0.043551038950681686,0.999403715133667,0.4384402930736542,0.3403516709804535,-0.04378778487443924,0.9994105696678162,0.4365638792514801,0.33923041820526123,-0.04371257126331329,0.9996044039726257,0.4397948682308197,0.3408254384994507,-0.07642103731632233,0.9996606707572937,0.43816137313842773,0.33994370698928833,-0.07663974910974503,0.999717652797699,0.436513215303421,0.33913958072662354,-0.07669112831354141,0.9997937679290771,0.41987478733062744,0.3442956209182739,-0.000977918622083962,0.9997352361679077,0.4216294586658478,0.34616589546203613,-0.14800094068050385,0.9995073676109314,0.4382551312446594,0.3787192106246948,-0.02785487286746502,0.9983510971069336,0.4378263056278229,0.3787367343902588,-0.0720001831650734,0.9988636374473572,0.4006234109401703,0.4313703179359436,0.09326595813035965,0.9999064207077026,0.42160722613334656,0.4530898332595825,-0.2157694697380066,0.9998984932899475,0.4524092376232147,0.46836239099502563,0.10296616703271866,0.023747216910123825,0.4861088991165161,0.5531752109527588,-0.19325606524944305,0.8937110304832458,0.4850917160511017,0.4116820693016052,-0.012579653412103653,0.04590558633208275,0.49562516808509827,0.453619122505188,-0.047067273408174515,0.8473338484764099,0.49970558285713196,0.3922950327396393,-0.02008463628590107,0.08501296490430832,0.505352795124054,0.4148535430431366,-0.0597415529191494,0.8418306112289429,0.49092531204223633,0.3848332464694977,-0.033345676958560944,0.08257749676704407,0.4961387813091278,0.40618109703063965,-0.056507427245378494,0.8325222134590149,0.4842413365840912,0.3938508927822113,-0.02218431420624256,0.08610984683036804,0.4901902377605438,0.4223549962043762,-0.043196454644203186,0.7576522827148438,0.43926218152046204,0.6666632294654846,0.10652827471494675,0.9999699592590332,0.4392809569835663,0.6980810165405273,-0.10661876201629639,0.9999716877937317,0.5344393253326416,0.6862948536872864,0.2678469121456146,0.041418276727199554,0.5532652139663696,0.7471542358398438,-0.12225475907325745,0.8591625094413757,0.5140696167945862,0.8375230431556702,0.3736143708229065,0.13777561485767365,0.5611862540245056,0.922771155834198,-0.04229234531521797,0.8632086515426636,0.5043091773986816,0.8686665296554565,0.38268253207206726,0.27245718240737915,0.5503063797950745,0.9598522186279297,-0.031378332525491714,0.8157064914703369,0.545179545879364,0.8777265548706055,0.40542978048324585,0.23899415135383606,0.6000794172286987,0.9475292563438416,-0.02322092279791832,0.8286071419715881,1
0.4446236789226532,0.3614037334918976,-0.053396452218294144,0.9994930028915405,0.44017907977104187,0.3409269452095032,-0.046308934688568115,0.9993798136711121,0.4385510981082916,0.3399079740047455,-0.04654063284397125,0.9993937015533447,0.4367082417011261,0.3387337028980255,-0.04646242409944534,0.999587893486023,0.4398001432418823,0.3404150903224945,-0.07965999096632004,0.9996490478515625,0.43816184997558594,0.3395124077796936,-0.07987938076257706,0.9997101426124573,0.4365069568157196,0.33868804574012756,-0.07993174344301224,0.9997880458831787,0.419840008020401,0.34376874566078186,-0.001420537824742496,0.9997238516807556,0.42158442735671997,0.3456745445728302,-0.1502256989479065,0.9995014667510986,0.4384315311908722,0.3785601556301117,-0.03056066855788231,0.998315155506134,0.43787890672683716,0.37858083844184875,-0.07527974247932434,0.9988510012626648,0.40122464299201965,0.4311884045600891,0.09133584052324295,0.999905526638031,0.4216049909591675,0.45307663083076477,-0.21700285375118256,0.9999011754989624,0.4524533152580261,0.4853968918323517,0.0776531770825386,0.02240627072751522,0.48583507537841797,0.5536021590232849,-0.19190746545791626,0.8984135985374451,0.4860016405582428,0.41356173157691956,-0.07140263170003891,0.044265348464250565,0.49598631262779236,0.45340660214424133,-0.044255487620830536,0.8567160367965698,0.4997326135635376,0.3937801718711853,-0.08442170917987823,0.08284103125333786,0.5053956508636475,0.4148526191711426,-0.057337548583745956,0.8510898351669312,0.49117374420166016,0.3850939869880676,-0.09557589888572693,0.08029673993587494,0.4964621663093567,0.4060347378253937,-0.05570221692323685,0.8421324491500854,0.4847536087036133,0.3948473036289215,-0.08114822953939438,0.0834641084074974,0.49084848165512085,0.421718031167984,-0.040867242962121964,0.7696759104728699,0.439703106880188,0.6659115552902222,0.10562877357006073,0.9999696612358093,0.43906843662261963,0.6979420185089111,-0.10572070628404617,0.9999715685844421,0.5343986749649048,0.6876782178878784,0.275546669960022,0.039568111300468445,0.5530210733413696,0.7470255494117737,-0.1224173754453659,0.8564218878746033,0.5148312449455261,0.8373377323150635,0.38753655552864075,0.13227257132530212,0.5611971020698547,0.9227560758590698,-0.042012058198451996,0.8570467829704285,0.5061541795730591,0.8678537607192993,0.3970552384853363,0.26256439089775085,0.5503208637237549,0.9598978757858276,-0.030942214652895927,0.8089305758476257,0.5454514622688293,0.8771420121192932,0.4220503568649292,0.23188842833042145,0.6000927686691284,0.9474154710769653,-0.021430430933833122,0.8231590390205383,1
