x_0,y_0,z_0,vis_0,x_1,y_1,z_1,vis_1,x_2,y_2,z_2,vis_2,x_3,y_3,z_3,vis_3,x_4,y_4,z_4,vis_4,x_5,y_5,z_5,vis_5,x_6,y_6,z_6,vis_6,x_7,y_7,z_7,vis_7,x_8,y_8,z_8,vis_8,x_9,y_9,z_9,vis_9,x_10,y_10,z_10,vis_10,x_11,y_11,z_11,vis_11,x_12,y_12,z_12,vis_12,x_13,y_13,z_13,vis_13,x_14,y_14,z_14,vis_14,x_15,y_15,z_15,vis_15,x_16,y_16,z_16,vis_16,x_17,y_17,z_17,vis_17,x_18,y_18,z_18,vis_18,x_19,y_19,z_19,vis_19,x_20,y_20,z_20,vis_20,x_21,y_21,z_21,vis_21,x_22,y_22,z_22,vis_22,x_23,y_23,z_23,vis_23,x_24,y_24,z_24,vis_24,x_25,y_25,z_25,vis_25,x_26,y_26,z_26,vis_26,x_27,y_27,z_27,vis_27,x_28,y_28,z_28,vis_28,x_29,y_29,z_29,vis_29,x_30,y_30,z_30,vis_30,x_31,y_31,z_31,vis_31,x_32,y_32,z_32,vis_32,label
0.39650699496269226,0.402471661567688,-0.034794412553310394,0.991941511631012,0.38263070583343506,0.3879307806491852,-0.05677111819386482,0.9920327067375183,0.3825334310531616,0.3816939890384674,-0.05707716569304466,0.9912806749343872,0.3825307786464691,0.37594935297966003,-0.057078078389167786,0.9933945536613464,0.38307708501815796,0.39571431279182434,-0.024794060736894608,0.9943047165870667,0.3833951950073242,0.3948614001274109,-0.025376567617058754,0.9943370223045349,0.3837045729160309,0.39416494965553284,-0.025666827335953712,0.9969400763511658,0.38578665256500244,0.34449389576911926,-0.1072266548871994,0.9944627285003662,0.38853463530540466,0.36430272459983826,0.04600680619478226,0.9959884881973267,0.4077675938606262,0.3830181360244751,-0.042506080120801926,0.9799910187721252,0.4095606505870819,0.39212214946746826,-0.004004189278930426,0.9765065908432007,0.4483848214149475,0.2948503792285919,-0.19721321761608124,0.9980865120887756,0.4522418677806854,0.33000463247299194,0.14718490839004517,0.9905036687850952,0.34002578258514404,0.37602806091308594,-0.3149661123752594,0.7537364363670349,0.35420873761177063,0.37701451778411865,0.14284096658229828,0.010014270432293415,0.22165006399154663,0.41692763566970825,-0.32988423109054565,0.6309683918952942,0.27072229981422424,0.4181273877620697,0.05763373523950577,0.016274170950055122,0.18720971047878265,0.43211638927459717,-0.3715265989303589,0.7034106254577637,0.23899437487125397,0.42915940284729004,0.031418152153491974,0.02844422310590744,0.183254212141037,0.4114340841770172,-0.36191192269325256,0.7044914960861206,0.23670540750026703,0.4184202253818512,0.0160544291138649,0.028058741241693497,0.19512078166007996,0.40886762738227844,-0.3269972503185272,0.6087783575057983,0.2441658228635788,0.41850608587265015,0.04171206057071686,0.030532995238900185,0.6834489703178406,0.38454127311706543,-0.11861202865839005,0.9996644258499146,0.662030041217804,0.40466904640197754,0.11826327443122864,0.9996206760406494,0.7266169786453247,0.7091818451881409,-0.12736834585666656,0.42551538348197937,0.7018760442733765,0.6317542195320129,0.23726946115493774,0.027573660016059875,0.841756284236908,0.4727172553539276,0.0366705097258091,0.4065473973751068,0.8154358267784119,0.435468852519989,0.34895142912864685,0.02161979302763939,0.8586891293525696,0.4101969301700592,0.05637843534350395,0.5402847528457642,0.8364582657814026,0.3919450044631958,0.36116981506347656,0.07501230388879776,0.8908538222312927,0.5807618498802185,0.07911491394042969,0.5234178304672241,0.8627684116363525,0.5535522699356079,0.3877699077129364,0.04055406525731087,2
0.39341816306114197,0.40179339051246643,-0.06875338405370712,0.9920534491539001,0.38016608357429504,0.3876487612724304,-0.09023208916187286,0.9921908378601074,0.3803931474685669,0.38083791732788086,-0.09054677188396454,0.9915511608123779,0.38078126311302185,0.3744529187679291,-0.0905514508485794,0.9935594797134399,0.3803420066833496,0.39494672417640686,-0.05903369188308716,0.9943770170211792,0.3808072507381439,0.39403611421585083,-0.05960582569241524,0.9944313168525696,0.3813166916370392,0.3933063745498657,-0.0599217414855957,0.9969247579574585,0.38482001423835754,0.34376606345176697,-0.13289667665958405,0.9947079420089722,0.38748082518577576,0.3634142279624939,0.009916316717863083,0.995979905128479,0.40517663955688477,0.38262268900871277,-0.0737917348742485,0.9805189967155457,0.40664392709732056,0.3915577828884125,-0.03616870194673538,0.9770075082778931,0.4479741156101227,0.29321131110191345,-0.21134312450885773,0.9981584548950195,0.45250728726387024,0.3304586112499237,0.11307569593191147,0.9901955723762512,0.33472341299057007,0.37584859132766724,-0.3382948935031891,0.7636371850967407,0.3470563590526581,0.3768572509288788,0.10260634124279022,0.00999763235449791,0.21577993035316467,0.4166977107524872,-0.37909257411956787,0.6504373550415039,0.2556232511997223,0.4173732101917267,0.008997200056910515,0.01634785160422325,0.1820761114358902,0.4332764744758606,-0.42456185817718506,0.7199428677558899,0.22364141047000885,0.4305802881717682,-0.015157707966864109,0.028685104101896286,0.1779957413673401,0.41383594274520874,-0.41528835892677307,0.7215852737426758,0.21856284141540527,0.4192897081375122,-0.02656891569495201,0.028301574289798737,0.1891213059425354,0.41084906458854675,-0.3774109184741974,0.6293664574623108,0.22700925171375275,0.41913673281669617,-0.004499218892306089,0.03085210919380188,0.6834062337875366,0.38453763723373413,-0.11856618523597717,0.9996481537818909,0.6621362566947937,0.40119946002960205,0.11822810769081116,0.999584972858429,0.72641921043396,0.7044890522956848,-0.131600484251976,0.4437430500984192,0.7175838351249695,0.6088282465934753,0.2635999023914337,0.027549874037504196,0.8418187499046326,0.47266197204589844,0.05193358659744263,0.4109828472137451,0.8239149451255798,0.40612709522247314,0.38672545552253723,0.021724000573158264,0.8596693873405457,0.4102173149585724,0.07368660718202591,0.5465141534805298,0.8495409488677979,0.3733132779598236,0.4000224471092224,0.0748022124171257,0.8911990523338318,0.582878828048706,0.09193304926156998,0.5254265666007996,0.8680680394172668,0.5347580909729004,0.4250267446041107,0.040566351264715195,2
0.3938423693180084,0.4014110267162323,-0.06044333055615425,0.9919102191925049,0.3806171715259552,0.3865063786506653,-0.08293186873197556,0.9920902252197266,0.380793035030365,0.37909072637557983,-0.08324076235294342,0.9915711283683777,0.3811071217060089,0.3722934126853943,-0.08323165774345398,0.9935235977172852,0.3807680010795593,0.3947543203830719,-0.05021057650446892,0.9942376017570496,0.38114356994628906,0.39361536502838135,-0.050765298306941986,0.9943303465843201,0.38154491782188416,0.39275750517845154,-0.05108160153031349,0.9967932105064392,0.38505205512046814,0.3429828882217407,-0.1303671896457672,0.9947243332862854,0.3875231146812439,0.36283227801322937,0.017924493178725243,0.9957863092422485,0.4054185748100281,0.38197100162506104,-0.06780465692281723,0.9802634716033936,0.40678805112838745,0.39113932847976685,-0.028157223016023636,0.9765934944152832,0.44858142733573914,0.29196658730506897,-0.21178041398525238,0.9982251524925232,0.45273786783218384,0.33189740777015686,0.11847388744354248,0.9900737404823303,0.34013631939888,0.373428076505661,-0.3362506926059723,0.774807333946228,0.34842032194137573,0.3771411180496216,0.11515815556049347,0.010571139864623547,0.2209015041589737,0.4159303307533264,-0.3711306154727936,0.6711350083351135,0.25793832540512085,0.4171162247657776,0.022588593885302544,0.017576923593878746,0.18623681366443634,0.4328864514827728,-0.414207398891449,0.7372593879699707,0.2260677069425583,0.4299439787864685,0.00024497011327184737,0.03057759441435337,0.18224523961544037,0.41339972615242004,-0.40575918555259705,0.7391896843910217,0.22278140485286713,0.41899368166923523,-0.010767004452645779,0.030179902911186218,0.19356754422187805,0.41039425134658813,-0.3691159188747406,0.6508536338806152,0.22995559871196747,0.4186899960041046,0.009482773020863533,0.032922208309173584,0.6816442608833313,0.38434743881225586,-0.11838759481906891,0.9996354579925537,0.6607877612113953,0.4019429087638855,0.11805295199155807,0.9995554089546204,0.7270916700363159,0.6993175148963928,-0.1335284560918808,0.45807790756225586,0.7132854461669922,0.619504988193512,0.23801732063293457,0.02811521850526333,0.8423019647598267,0.4720654785633087,0.035044554620981216,0.42064526677131653,0.8228220343589783,0.40469691157341003,0.344701886177063,0.02183997444808483,0.8630525469779968,0.4094862639904022,0.05464121326804161,0.5537441372871399,0.8466284275054932,0.37114614248275757,0.3565787672996521,0.07501184940338135,0.892538845539093,0.5855854153633118,0.05724211409687996,0.5310085415840149,0.8688005805015564,0.5260447859764099,0.3774944841861725,0.04052840545773506,2
0.3941710591316223,0.40091967582702637,-0.04086365923285484,0.9916165471076965,0.38065528869628906,0.3863128125667572,-0.065737783908844,0.9918631911277771,0.3807240426540375,0.37894412875175476,-0.06605587899684906,0.9914660453796387,0.38094761967658997,0.3720637261867523,-0.06604553759098053,0.9933487176895142,0.38092729449272156,0.39452987909317017,-0.03402826935052872,0.9940690398216248,0.3812544643878937,0.39354386925697327,-0.03459181264042854,0.9942378401756287,0.38159340620040894,0.3924926519393921,-0.034911148250103,0.9966781139373779,0.38473841547966003,0.3427431881427765,-0.12464199215173721,0.9947108626365662,0.3872476816177368,0.3623601794242859,0.01965504139661789,0.9956768751144409,0.4055103659629822,0.3816802203655243,-0.05265253782272339,0.9799150824546814,0.40695369243621826,0.3908237814903259,-0.014396468177437782,0.9762067794799805,0.4470835030078888,0.292580246925354,-0.21136507391929626,0.9983046650886536,0.4529256224632263,0.3316631317138672,0.12261474132537842,0.9900716543197632,0.3421221375465393,0.37182021141052246,-0.3327571153640747,0.7864815592765808,0.3503439724445343,0.3708818852901459,0.13621430099010468,0.010333701968193054,0.2235747128725052,0.4151328504085541,-0.3642212748527527,0.6897706985473633,0.2589046359062195,0.4089115858078003,0.073579803109169,0.01749606803059578,0.187421977519989,0.4327006936073303,-0.4058428406715393,0.7529881596565247,0.2891954779624939,0.4262302815914154,0.05810955911874771,0.03059147670865059,0.18352733552455902,0.41320693492889404,-0.3966003656387329,0.7550216317176819,0.2877116799354553,0.42056310176849365,0.042712826281785965,0.03016568161547184,0.19490766525268555,0.41011783480644226,-0.3618182837963104,0.6708025932312012,0.2933756411075592,0.4195789396762848,0.06000995635986328,0.03300749510526657,0.6809461116790771,0.38446104526519775,-0.11826177686452866,0.9996504187583923,0.6604742407798767,0.40198805928230286,0.11793000996112823,0.999565064907074,0.7275049686431885,0.6974406242370605,-0.136237233877182,0.4879278242588043,0.7117033004760742,0.6228751540184021,0.2462768256664276,0.029926424846053123,0.8423891067504883,0.47201189398765564,0.02072395198047161,0.44727420806884766,0.8225330710411072,0.40049731731414795,0.3433209955692291,0.023634932935237885,0.8651472330093384,0.40937232971191406,0.03925672918558121,0.5751144289970398,0.8450940847396851,0.3694494664669037,0.3540617525577545,0.07970772683620453,0.8933719992637634,0.5865324139595032,0.04477892816066742,0.5512632131576538,0.8678662776947021,0.5249859094619751,0.3764711618423462,0.0430745892226696,2
0.39301127195358276,0.39840561151504517,-0.04039571434259415,0.9915155172348022,0.37950268387794495,0.3821849822998047,-0.06434301286935806,0.9917346239089966,0.37966081500053406,0.37466052174568176,-0.06465829163789749,0.9913978576660156,0.3799227178096771,0.3678396940231323,-0.06463949382305145,0.9932513236999512,0.37982428073883057,0.39130595326423645,-0.03377092629671097,0.9939776062965393,0.3802165985107422,0.39058953523635864,-0.03434384614229202,0.9941937923431396,0.3806019127368927,0.38981613516807556,-0.034667935222387314,0.9966239929199219,0.3841443955898285,0.33960118889808655,-0.12111475318670273,0.9946565628051758,0.3862382471561432,0.35996919870376587,0.023376623168587685,0.9956073760986328,0.4045476019382477,0.37969809770584106,-0.051586829125881195,0.9795736074447632,0.4059109389781952,0.38989201188087463,-0.013514397665858269,0.9759239554405212,0.44704678654670715,0.29245230555534363,-0.20834539830684662,0.9983092546463013,0.45265740156173706,0.33237507939338684,0.1238916888833046,0.9899058938026428,0.3428214490413666,0.3695572018623352,-0.32553529739379883,0.7903170585632324,0.34569013118743896,0.37095504999160767,0.12499497830867767,0.010860440321266651,0.224618062376976,0.4121254086494446,-0.35795703530311584,0.6962745785713196,0.25194036960601807,0.4088861644268036,0.03826313093304634,0.01856756955385208,0.18968166410923004,0.431723952293396,-0.40084677934646606,0.7592102289199829,0.23295040428638458,0.4261417090892792,0.015126499347388744,0.032180119305849075,0.185794860124588,0.4118938446044922,-0.39508742094039917,0.7615770101547241,0.2318476289510727,0.41807159781455994,0.005052419379353523,0.03173470497131348,0.19693903625011444,0.40848520398139954,-0.3580864369869232,0.6780800819396973,0.23890595138072968,0.4174274504184723,0.025519782677292824,0.03466631472110748,0.6804179549217224,0.3843926191329956,-0.11794634908437729,0.9996334314346313,0.6588716506958008,0.40459364652633667,0.11762546002864838,0.9995372891426086,0.7278763651847839,0.6963357329368591,-0.13495607674121857,0.4943448007106781,0.7098451256752014,0.6262326836585999,0.24009248614311218,0.02937609702348709,0.8425589203834534,0.4719712734222412,0.008441179059445858,0.45039305090904236,0.8222424983978271,0.4023773670196533,0.3323518633842468,0.022950338199734688,0.8665198087692261,0.4091953635215759,0.02420744299888611,0.5772779583930969,0.8441784977912903,0.36930009722709656,0.3433794677257538,0.07795175909996033,0.8946388959884644,0.5885499119758606,0.024887634441256523,0.55195552110672,0.867317795753479,0.5212252140045166,0.363673597574234,0.04188183322548866,2
0.39307156205177307,0.3973595201969147,-0.051377080380916595,0.9910385012626648,0.3796026408672333,0.3803105056285858,-0.0741654485464096,0.9912192821502686,0.37981462478637695,0.37256842851638794,-0.07448700070381165,0.990980327129364,0.38010090589523315,0.36567386984825134,-0.07446549087762833,0.9928656816482544,0.37978020310401917,0.39014357328414917,-0.04181600734591484,0.9935365319252014,0.38013631105422974,0.3897288739681244,-0.04238378629088402,0.9938226938247681,0.38049331307411194,0.38923367857933044,-0.0427192859351635,0.9963498711585999,0.3843033015727997,0.33756598830223083,-0.12578825652599335,0.994340717792511,0.3863336741924286,0.3593967854976654,0.022708674892783165,0.9952042102813721,0.40467867255210876,0.37824681401252747,-0.06038374453783035,0.9780799150466919,0.40600964426994324,0.3894796669483185,-0.02066114731132984,0.9742156267166138,0.44775184988975525,0.2864280045032501,-0.20987029373645782,0.998310923576355,0.45277294516563416,0.3329402804374695,0.11897942423820496,0.9897832274436951,0.34400784969329834,0.3682313561439514,-0.3250778019428253,0.7920913696289062,0.34690555930137634,0.37187615036964417,0.10994989424943924,0.011544321663677692,0.22571878135204315,0.4076162874698639,-0.351228803396225,0.7024044394493103,0.2484562247991562,0.40754687786102295,0.00754626514390111,0.020385492593050003,0.19084149599075317,0.4274600148200989,-0.39245790243148804,0.7649497985839844,0.22011452913284302,0.4226979613304138,-0.018291711807250977,0.03493751958012581,0.18645243346691132,0.4092767536640167,-0.39172622561454773,0.7677296996116638,0.21750712394714355,0.41340172290802,-0.026230616495013237,0.0344964973628521,0.19789303839206696,0.4066772162914276,-0.3525905907154083,0.6848364472389221,0.22609156370162964,0.41398918628692627,-0.004806070122867823,0.037436336278915405,0.6803367137908936,0.3841228485107422,-0.11786366999149323,0.9996051788330078,0.6582182049751282,0.40592271089553833,0.11754237115383148,0.9994938373565674,0.7278875112533569,0.6953795552253723,-0.13430635631084442,0.4895254969596863,0.7090402841567993,0.6281009316444397,0.23620541393756866,0.028206204995512962,0.8430596590042114,0.47204360365867615,0.0026845054235309362,0.4418509304523468,0.8205124735832214,0.4037253260612488,0.34098273515701294,0.02189735136926174,0.8671942949295044,0.409199059009552,0.017702223733067513,0.5694383978843689,0.8435015082359314,0.36969420313835144,0.35290616750717163,0.07497656345367432,0.8963357210159302,0.5901954174041748,0.02092082053422928,0.5417465567588806,0.8668540716171265,0.5198773741722107,0.3762663006782532,0.04005303978919983,2
0.395560622215271,0.39585596323013306,-0.049820560961961746,0.9909915328025818,0.38185152411460876,0.37843087315559387,-0.073127381503582,0.9911572933197021,0.3817996382713318,0.3704063296318054,-0.07344058156013489,0.9909868240356445,0.3819273114204407,0.36344265937805176,-0.07341406494379044,0.9928187131881714,0.38241851329803467,0.3886002004146576,-0.040196582674980164,0.9934495091438293,0.3825509250164032,0.3883362114429474,-0.04075561463832855,0.9937735199928284,0.3827036917209625,0.3879842162132263,-0.0410834476351738,0.9962774515151978,0.3855297267436981,0.334085613489151,-0.1257966160774231,0.9942938685417175,0.3879869282245636,0.3573095500469208,0.024394268169999123,0.9950847029685974,0.40692153573036194,0.37536391615867615,-0.05917823687195778,0.9774208068847656,0.408054918050766,0.38781771063804626,-0.01887214556336403,0.9734265208244324,0.4479628801345825,0.28150174021720886,-0.20933066308498383,0.9983377456665039,0.45313090085983276,0.3322439193725586,0.12049301713705063,0.9896625280380249,0.3450501263141632,0.36366450786590576,-0.32514503598213196,0.7971392273902893,0.34711211919784546,0.3719322085380554,0.11406955868005753,0.011915118433535099,0.2277744710445404,0.40267226099967957,-0.3494004011154175,0.7116543650627136,0.2529045045375824,0.4049949049949646,0.01784392260015011,0.021363142877817154,0.19613157212734222,0.4242396652698517,-0.3902898132801056,0.7729099988937378,0.2239401787519455,0.4194059669971466,-0.005560694728046656,0.03638681024312973,0.1920997053384781,0.4075606167316437,-0.38679733872413635,0.7757197618484497,0.2214333862066269,0.40947452187538147,-0.014446556568145752,0.03587550297379494,0.2022051066160202,0.4047708809375763,-0.3494834899902344,0.6941995024681091,0.22932562232017517,0.4098573327064514,0.005489548202604055,0.03893217071890831,0.6803991198539734,0.3835213780403137,-0.11779294162988663,0.9996019601821899,0.6581942439079285,0.4059521555900574,0.11747091263532639,0.999482274055481,0.7278894782066345,0.6944671273231506,-0.13014191389083862,0.5011258721351624,0.7047586441040039,0.6266370415687561,0.238542839884758,0.028245819732546806,0.8436731100082397,0.4719789922237396,-0.0032793651334941387,0.4544287621974945,0.8191034197807312,0.4006732404232025,0.34094682335853577,0.022021694108843803,0.8688404560089111,0.4090125858783722,0.010175198316574097,0.5788912177085876,0.8429016470909119,0.36858654022216797,0.352201372385025,0.075625479221344,0.8976267576217651,0.5925087928771973,0.011876777745783329,0.5503893494606018,0.8565840125083923,0.5057657361030579,0.3755882680416107,0.0400981567800045,2
0.40343883633613586,0.39517009258270264,-0.04512492194771767,0.9904597401618958,0.3900737762451172,0.3772163987159729,-0.07074391096830368,0.9907839298248291,0.3897375166416168,0.36858877539634705,-0.0710936039686203,0.9907440543174744,0.38963019847869873,0.36137205362319946,-0.07107796519994736,0.9925711154937744,0.39105138182640076,0.3877800405025482,-0.03711613267660141,0.9930676221847534,0.3909967541694641,0.3873801529407501,-0.03766946122050285,0.9934571385383606,0.3909263014793396,0.3869009017944336,-0.03799930587410927,0.9960135221481323,0.39308446645736694,0.32834240794181824,-0.12607349455356598,0.9941678047180176,0.39535802602767944,0.354179710149765,0.02550416998565197,0.9947190880775452,0.41414156556129456,0.3733198642730713,-0.057509005069732666,0.9764409065246582,0.41493213176727295,0.38658589124679565,-0.01628066785633564,0.9717652201652527,0.4542554020881653,0.2741374671459198,-0.21117360889911652,0.9984197616577148,0.4576297402381897,0.3302261531352997,0.12110651284456253,0.9895479679107666,0.35308837890625,0.3576701879501343,-0.33754226565361023,0.8041074872016907,0.36000707745552063,0.3710183799266815,0.11793896555900574,0.0113400062546134,0.23407937586307526,0.39855197072029114,-0.37914416193962097,0.725875973701477,0.2543220520019531,0.3998391926288605,0.03315448388457298,0.02065207064151764,0.2050490379333496,0.4218306243419647,-0.4213656783103943,0.7847273349761963,0.22475387156009674,0.41472893953323364,0.013469581492245197,0.0354333370923996,0.20035885274410248,0.40595942735671997,-0.4123121500015259,0.7875241041183472,0.22452892363071442,0.4054376482963562,-2.213940751971677e-05,0.03496522083878517,0.20984293520450592,0.4027535915374756,-0.37696507573127747,0.7088357210159302,0.23267923295497894,0.40564021468162537,0.01936635747551918,0.03795253857970238,0.6812815070152283,0.38341543078422546,-0.11734705418348312,0.9996118545532227,0.6582387685775757,0.4067542850971222,0.11703281104564667,0.9994814395904541,0.7278993725776672,0.694649875164032,-0.13001134991645813,0.5039376020431519,0.6993707418441772,0.630103588104248,0.2427486926317215,0.02752888761460781,0.8436231017112732,0.4692170321941376,0.0005760283092968166,0.45354318618774414,0.8068031072616577,0.41133546829223633,0.3416347801685333,0.021558068692684174,0.8678417205810547,0.40710023045539856,0.0154814338311553,0.5804502964019775,0.8428419232368469,0.40767231583595276,0.3526462912559509,0.07489597797393799,0.8958550095558167,0.5882589221000671,0.026819130405783653,0.5483934283256531,0.8531897068023682,0.5332292318344116,0.37878134846687317,0.039205584675073624,2
0.40596285462379456,0.39418163895606995,-0.029564959928393364,0.9882398247718811,0.39229631423950195,0.3762569725513458,-0.05614199489355087,0.9886459708213806,0.3921208679676056,0.36725589632987976,-0.05646209791302681,0.988606870174408,0.39205747842788696,0.35974547266960144,-0.056435476988554,0.990786075592041,0.39264294505119324,0.38598376512527466,-0.020013121888041496,0.9913560152053833,0.3923605680465698,0.38472601771354675,-0.020576560869812965,0.9919774532318115,0.39197319746017456,0.38316065073013306,-0.020918000489473343,0.9951570630073547,0.3955645263195038,0.322496622800827,-0.11890062689781189,0.992545485496521,0.3959951102733612,0.3459899127483368,0.0431169718503952,0.9935432076454163,0.4176868498325348,0.3715808689594269,-0.043988268822431564,0.9703848958015442,0.41755419969558716,0.3844810128211975,9.460574801778421e-05,0.965391218662262,0.45956677198410034,0.2691561281681061,-0.20372594892978668,0.998292863368988,0.4577164947986603,0.32812097668647766,0.12496811896562576,0.9892730712890625,0.36672911047935486,0.35461634397506714,-0.33591270446777344,0.7969478368759155,0.36027833819389343,0.36907604336738586,0.117943674325943,0.011347963474690914,0.25378018617630005,0.39627623558044434,-0.36984679102897644,0.7164695858955383,0.26380813121795654,0.3978271782398224,0.01678703911602497,0.02145564742386341,0.22046615183353424,0.420046329498291,-0.41141605377197266,0.7787336111068726,0.22715319693088531,0.412685751914978,-0.008269697427749634,0.0365956649184227,0.21478985249996185,0.40453192591667175,-0.4027438163757324,0.7815608978271484,0.22612565755844116,0.4014715254306793,-0.01551877986639738,0.03617070987820625,0.22697490453720093,0.40069580078125,-0.36755070090293884,0.7003490924835205,0.2356032282114029,0.40161606669425964,0.004604433663189411,0.038935255259275436,0.6828392148017883,0.38352343440055847,-0.1151106059551239,0.9995937347412109,0.658248245716095,0.4094674289226532,0.11482364684343338,0.9994608163833618,0.7272469997406006,0.6965276598930359,-0.12497516721487045,0.4824953079223633,0.6987585425376892,0.646742582321167,0.20393399894237518,0.026000529527664185,0.8434603214263916,0.4715638756752014,0.0009813386714085937,0.4346000850200653,0.8057775497436523,0.4150366187095642,0.2942931056022644,0.020306501537561417,0.8667104840278625,0.4086857736110687,0.01567292958498001,0.5653220415115356,0.8378615975379944,0.4067988395690918,0.3046168386936188,0.0714249461889267,0.8960139751434326,0.5880026817321777,0.027079880237579346,0.5295628905296326,0.8565070033073425,0.5387897491455078,0.3271738588809967,0.03705787658691406,2
0.4121386408805847,0.3916093707084656,-0.019500575959682465,0.987555205821991,0.39956966042518616,0.37380897998809814,-0.04594485089182854,0.9882557392120361,0.3996410369873047,0.3644449710845947,-0.046270374208688736,0.9883797764778137,0.3997344374656677,0.35686832666397095,-0.04624304547905922,0.9905017614364624,0.39948752522468567,0.3833317160606384,-0.009098800830543041,0.9909850358963013,0.39911288022994995,0.38182803988456726,-0.009648818522691727,0.9916987419128418,0.3986125886440277,0.38003286719322205,-0.009981926530599594,0.9949230551719666,0.40308359265327454,0.3169749677181244,-0.10810501128435135,0.992401659488678,0.4022444486618042,0.34176474809646606,0.058184511959552765,0.9932227730751038,0.42496490478515625,0.36875468492507935,-0.03312307223677635,0.9684733748435974,0.42438805103302,0.38215306401252747,0.011928747408092022,0.962751567363739,0.46665051579475403,0.26284268498420715,-0.1916758418083191,0.9983585476875305,0.463417649269104,0.3281979560852051,0.14723215997219086,0.9891373515129089,0.3827952742576599,0.35091632604599,-0.3319894075393677,0.8042314052581787,0.4244367778301239,0.3691161274909973,0.17911846935749054,0.010565566830337048,0.2650340497493744,0.39217010140419006,-0.3700983226299286,0.7292994260787964,0.3840099573135376,0.41965365409851074,0.11503608524799347,0.020098641514778137,0.23147176206111908,0.4140354096889496,-0.410979300737381,0.7900981307029724,0.3628024458885193,0.42762938141822815,0.1027384102344513,0.034561481326818466,0.22623729705810547,0.4003816246986389,-0.40010836720466614,0.792872428894043,0.3555845022201538,0.4345519244670868,0.08534634858369827,0.0341944545507431,0.23827195167541504,0.3965364396572113,-0.3669091463088989,0.7147318720817566,0.36158645153045654,0.43076610565185547,0.10090053826570511,0.03687438368797302,0.6857277154922485,0.38349640369415283,-0.11313056200742722,0.9996168613433838,0.6589468717575073,0.41066932678222656,0.11284884065389633,0.9994813799858093,0.7272434234619141,0.6964403986930847,-0.12260568141937256,0.5024394392967224,0.6963368058204651,0.6464658975601196,0.21773985028266907,0.027258343994617462,0.8433741927146912,0.4737701416015625,-0.007346314378082752,0.4605368971824646,0.8035463094711304,0.4191782772541046,0.3010261654853821,0.022214552387595177,0.866078794002533,0.40949082374572754,0.005638980772346258,0.5864342451095581,0.8325772881507874,0.4041583240032196,0.31100931763648987,0.07750000059604645,0.8963748812675476,0.5880289077758789,0.009290611371397972,0.5524568557739258,0.8481780886650085,0.5256726145744324,0.33148568868637085,0.04016280919313431,2
0.41380196809768677,0.3848499059677124,-0.012881707400083542,0.9853920936584473,0.4013398289680481,0.36659449338912964,-0.03987528756260872,0.9859001040458679,0.4013885259628296,0.3580302298069,-0.04017128795385361,0.9861685633659363,0.4013613760471344,0.3506905734539032,-0.04012675583362579,0.988516092300415,0.4010769724845886,0.3739355802536011,-0.0030821007676422596,0.9891433715820312,0.40071284770965576,0.3711063265800476,-0.0036315107718110085,0.9901884198188782,0.4001113474369049,0.3681812584400177,-0.003965784329921007,0.9940348267555237,0.4046153426170349,0.3070606291294098,-0.1026180312037468,0.990791380405426,0.40383899211883545,0.32952752709388733,0.06271979212760925,0.9921202659606934,0.4264945387840271,0.3632667362689972,-0.02633555606007576,0.9624531865119934,0.42558473348617554,0.37460243701934814,0.01845434121787548,0.9567338824272156,0.47011011838912964,0.25288355350494385,-0.18066167831420898,0.9982799291610718,0.4624876081943512,0.31920701265335083,0.15084853768348694,0.9891674518585205,0.39615777134895325,0.3516927659511566,-0.300538569688797,0.8028216361999512,0.4023435711860657,0.36392906308174133,0.16424459218978882,0.010489638894796371,0.28532058000564575,0.3868567645549774,-0.3091972768306732,0.72612065076828,0.33725932240486145,0.4008607268333435,0.08524929732084274,0.020464494824409485,0.24918080866336823,0.40905681252479553,-0.34210142493247986,0.7884702682495117,0.3105625510215759,0.41106367111206055,0.06813181191682816,0.03516009822487831,0.2433941513299942,0.393280029296875,-0.33231014013290405,0.7909165620803833,0.3047258257865906,0.4094407856464386,0.05471247807145119,0.03478618711233139,0.25556090474128723,0.38849419355392456,-0.304914653301239,0.7113730311393738,0.3130127191543579,0.4079913794994354,0.07176903635263443,0.03733149543404579,0.6868333220481873,0.38342705368995667,-0.1110856831073761,0.99961256980896,0.6595126986503601,0.4103439748287201,0.1108090803027153,0.9994765520095825,0.7269192337989807,0.7035132050514221,-0.0966494008898735,0.4992885887622833,0.6970176100730896,0.6366092562675476,0.21612262725830078,0.026802821084856987,0.8435459733009338,0.474399596452713,-0.01058952882885933,0.46907004714012146,0.8058525323867798,0.41626012325286865,0.2914205491542816,0.02215626649558544,0.8660512566566467,0.409988135099411,-0.001048970501869917,0.5934465527534485,0.8325188755989075,0.39770013093948364,0.29967910051345825,0.07788477838039398,0.8959237933158875,0.5881269574165344,-0.003349569858983159,0.5613571405410767,0.8493089079856873,0.5249114632606506,0.3157001733779907,0.04028529301285744,2
0.41303715109825134,0.376571923494339,-0.014771979302167892,0.9844163656234741,0.4005739092826843,0.35727667808532715,-0.04066414013504982,0.9848729968070984,0.4007873237133026,0.34894758462905884,-0.04094408452510834,0.9852342009544373,0.400890052318573,0.34130895137786865,-0.040847476571798325,0.9876854419708252,0.40016186237335205,0.3643863797187805,-0.0034030599053949118,0.9881907105445862,0.39992251992225647,0.3617626130580902,-0.00393719132989645,0.989348828792572,0.39943626523017883,0.3590834140777588,-0.004266818985342979,0.9935302734375,0.4044593274593353,0.29741060733795166,-0.10428331047296524,0.9899234175682068,0.4036718010902405,0.3225768804550171,0.05828627198934555,0.9914593696594238,0.4256194233894348,0.35932594537734985,-0.027370067313313484,0.9591941237449646,0.42460066080093384,0.36930492520332336,0.016957657411694527,0.9528592228889465,0.47422879934310913,0.24563321471214294,-0.1816650778055191,0.9982511401176453,0.4599127471446991,0.31523507833480835,0.14941714704036713,0.9893460273742676,0.4136374592781067,0.3517415225505829,-0.3013685941696167,0.8076630234718323,0.3948267996311188,0.36030787229537964,0.19404619932174683,0.010652553290128708,0.30546700954437256,0.38372257351875305,-0.31662121415138245,0.7330679893493652,0.3348311185836792,0.3894890248775482,0.16042973101139069,0.021223997697234154,0.26767396926879883,0.40512606501579285,-0.3499003052711487,0.7945662140846252,0.3073972463607788,0.4003709554672241,0.1514270305633545,0.03626565262675285,0.2627074122428894,0.38867419958114624,-0.3395174741744995,0.7966441512107849,0.30691975355148315,0.3958621919155121,0.1404406875371933,0.035876255482435226,0.2733508050441742,0.38396531343460083,-0.31220537424087524,0.7175158858299255,0.3144015669822693,0.39029133319854736,0.14973606169223785,0.038496557623147964,0.6876819729804993,0.38281166553497314,-0.10876954346895218,0.9996187090873718,0.6590848565101624,0.4134734272956848,0.10850678384304047,0.999485194683075,0.7269129157066345,0.7063867449760437,-0.08802571147680283,0.5038534998893738,0.6860675811767578,0.6427798867225647,0.19483819603919983,0.02815917134284973,0.8436928987503052,0.47396859526634216,-0.020195497199892998,0.48702380061149597,0.805995762348175,0.47154372930526733,0.256905198097229,0.02364252135157585,0.8659317493438721,0.4099994897842407,-0.012763913720846176,0.6071552634239197,0.8298476934432983,0.42143377661705017,0.2642492949962616,0.08292749524116516,0.896946132183075,0.5860472321510315,-0.0162299033254385,0.5785707831382751,0.8440681099891663,0.5359593033790588,0.28154245018959045,0.0429292656481266,2
0.4126509726047516,0.37221571803092957,-0.024014445021748543,0.982640266418457,0.400301456451416,0.3536662459373474,-0.04882784187793732,0.9830910563468933,0.4006923735141754,0.34542563557624817,-0.04910438507795334,0.9835690855979919,0.4009872078895569,0.337703138589859,-0.04902753606438637,0.9864239692687988,0.3997306227684021,0.3606029450893402,-0.012798208743333817,0.9865319132804871,0.3996027112007141,0.3581615388393402,-0.013311878778040409,0.9877668023109436,0.399225652217865,0.35577356815338135,-0.013642162084579468,0.9926135540008545,0.4047594666481018,0.29508018493652344,-0.10588883608579636,0.9886271953582764,0.4037875235080719,0.32213491201400757,0.053771328181028366,0.9900157451629639,0.4256238341331482,0.35599666833877563,-0.035130180418491364,0.9551537036895752,0.42427191138267517,0.3653346300125122,0.008005880750715733,0.947300910949707,0.47805869579315186,0.2447461485862732,-0.18403419852256775,0.9982456564903259,0.459769070148468,0.30958884954452515,0.14460009336471558,0.9894540309906006,0.43478143215179443,0.3520035445690155,-0.3141178488731384,0.8040164113044739,0.3953950107097626,0.35905325412750244,0.1776888221502304,0.010139310732483864,0.3209538161754608,0.37945353984832764,-0.3514401316642761,0.7294621467590332,0.35138139128685,0.37658947706222534,0.12585166096687317,0.020111236721277237,0.28205177187919617,0.4006537199020386,-0.3847561478614807,0.7921094298362732,0.32833555340766907,0.3731437027454376,0.11387933790683746,0.03444488346576691,0.27652397751808167,0.3824772238731384,-0.3722327649593353,0.7938538193702698,0.3249703049659729,0.37180426716804504,0.10422661900520325,0.03406975418329239,0.286485493183136,0.3780496120452881,-0.34609657526016235,0.7120820879936218,0.3307476341724396,0.3710111975669861,0.1153147965669632,0.0365738719701767,0.6898674368858337,0.385757714509964,-0.10763610154390335,0.9996291995048523,0.6590242981910706,0.41552308201789856,0.10738088935613632,0.9994998574256897,0.727576494216919,0.709958553314209,-0.088204525411129,0.4831518530845642,0.6870202422142029,0.6430246233940125,0.19776912033557892,0.026797352358698845,0.8438946008682251,0.4750402271747589,-0.016428133472800255,0.47795727849006653,0.8112232089042664,0.47686249017715454,0.2515665888786316,0.02277028001844883,0.8656158447265625,0.4108213782310486,-0.007282816804945469,0.6024529337882996,0.825143575668335,0.4152217209339142,0.2575143575668335,0.08097048848867416,0.8977907299995422,0.5860720872879028,-0.009225844405591488,0.5732650756835938,0.84542316198349,0.5369855165481567,0.2688382863998413,0.041691213846206665,2
0.4134262204170227,0.37321582436561584,-0.04947613924741745,0.9829100370407104,0.40091168880462646,0.3548543155193329,-0.07555218786001205,0.9835299849510193,0.4014052748680115,0.3466057777404785,-0.07584571838378906,0.9840776324272156,0.4017959535121918,0.3389641344547272,-0.0757884830236435,0.9868829846382141,0.4001046419143677,0.36200520396232605,-0.039181895554065704,0.9866263270378113,0.4000077545642853,0.35964974761009216,-0.03968038037419319,0.9877815246582031,0.3996768593788147,0.3572181761264801,-0.03999733179807663,0.9925687313079834,0.4049145579338074,0.29759901762008667,-0.1290607750415802,0.9889721870422363,0.4036727547645569,0.32372310757637024,0.03397422283887863,0.9898546934127808,0.42764073610305786,0.3562357425689697,-0.05958546698093414,0.9561129212379456,0.42598599195480347,0.3660446107387543,-0.015458214096724987,0.9468615055084229,0.479723185300827,0.24106229841709137,-0.19520042836666107,0.9983373284339905,0.4606163799762726,0.30996623635292053,0.13257429003715515,0.989807665348053,0.46592941880226135,0.3441624045372009,-0.3482286036014557,0.8066779375076294,0.4229431748390198,0.3576509952545166,0.18958152830600739,0.009471127763390541,0.3440088927745819,0.37364405393600464,-0.40795788168907166,0.7380407452583313,0.37729060649871826,0.3650639057159424,0.18051642179489136,0.018696891143918037,0.30466583371162415,0.3925773501396179,-0.4428332448005676,0.7985308766365051,0.3650761544704437,0.36331212520599365,0.17683200538158417,0.03216315060853958,0.2983396649360657,0.374187171459198,-0.4279234707355499,0.7999921441078186,0.35865190625190735,0.3642323315143585,0.16780464351177216,0.031823646277189255,0.3121907114982605,0.37062913179397583,-0.4017312824726105,0.717486560344696,0.3640040159225464,0.36505934596061707,0.17185185849666595,0.03418182209134102,0.6916608214378357,0.38615837693214417,-0.10705460608005524,0.9996463060379028,0.6590290665626526,0.4170073866844177,0.1068340465426445,0.9995204210281372,0.7272341251373291,0.712947428226471,-0.08932770043611526,0.45791080594062805,0.6850078105926514,0.6452844738960266,0.18614880740642548,0.02544914372265339,0.8405315279960632,0.48308637738227844,-0.015501782298088074,0.46252575516700745,0.8112106919288635,0.4793267250061035,0.22713503241539001,0.02167140319943428,0.8599615693092346,0.4166061282157898,-0.005132039077579975,0.5967347621917725,0.8161546587944031,0.4133801758289337,0.23256053030490875,0.07897429913282394,0.8930010199546814,0.5887616872787476,-0.006493662483990192,0.5646244287490845,0.8461380004882812,0.5375979542732239,0.2461179792881012,0.04029189795255661,2
0.4138333201408386,0.36700788140296936,-0.04668199270963669,0.9836767315864563,0.4011230170726776,0.347197562456131,-0.0732208862900734,0.9843596816062927,0.40151289105415344,0.33934298157691956,-0.07350758463144302,0.9848853945732117,0.40189483761787415,0.33195173740386963,-0.07345416396856308,0.9875614047050476,0.4005526602268219,0.3537985384464264,-0.03737920522689819,0.9872322678565979,0.4005764126777649,0.3510565459728241,-0.03786969184875488,0.9883084893226624,0.40041789412498474,0.34841105341911316,-0.03817528858780861,0.9928833842277527,0.40553221106529236,0.2888396680355072,-0.12857486307621002,0.9895685315132141,0.4044077694416046,0.3155592679977417,0.03232629597187042,0.9903131127357483,0.4283831715583801,0.35129979252815247,-0.057383641600608826,0.9579305052757263,0.4270787239074707,0.3597657084465027,-0.013807063922286034,0.9483107924461365,0.47838714718818665,0.23187771439552307,-0.19519434869289398,0.9983834028244019,0.46314695477485657,0.3071088492870331,0.1309482753276825,0.9900370836257935,0.4795438349246979,0.3421589136123657,-0.34520265460014343,0.8047385811805725,0.456583172082901,0.35036882758140564,0.18184131383895874,0.008936324156820774,0.35591819882392883,0.3692391514778137,-0.3655797243118286,0.7377566695213318,0.3819044530391693,0.3585572838783264,0.1621214747428894,0.017646832391619682,0.3183305561542511,0.38652923703193665,-0.38666945695877075,0.7982984185218811,0.3634437918663025,0.35486260056495667,0.15729592740535736,0.030547257512807846,0.3127915561199188,0.3679800033569336,-0.3712694048881531,0.799090564250946,0.35603466629981995,0.3549173176288605,0.15106482803821564,0.03023936226963997,0.3269079327583313,0.3627172112464905,-0.3561271131038666,0.714061439037323,0.3579558730125427,0.3556502163410187,0.15408779680728912,0.032474640756845474,0.6923033595085144,0.38616958260536194,-0.10556162893772125,0.9996517300605774,0.6596211791038513,0.4173889756202698,0.10539674758911133,0.999527633190155,0.7271751761436462,0.7125034928321838,-0.09120233356952667,0.4455512464046478,0.6861108541488647,0.6472469568252563,0.1679644137620926,0.02499619871377945,0.8440727591514587,0.4840095341205597,-0.022476399317383766,0.46657034754753113,0.8194948434829712,0.48749417066574097,0.20560771226882935,0.021998045966029167,0.8614851832389832,0.4180857241153717,-0.013825491070747375,0.6035764813423157,0.8175195455551147,0.41174960136413574,0.2102973908185959,0.082105852663517,0.895901620388031,0.5907358527183533,-0.020144755020737648,0.5738521218299866,0.8467117547988892,0.5358451008796692,0.21734043955802917,0.04178602248430252,2
0.41502922773361206,0.36084797978401184,-0.06998398900032043,0.9844769239425659,0.40219244360923767,0.34003692865371704,-0.0948808416724205,0.9851683378219604,0.4025144577026367,0.3323579728603363,-0.09514705091714859,0.9857574701309204,0.4029480814933777,0.3247787058353424,-0.0951409563422203,0.9882152080535889,0.4018976092338562,0.3469245731830597,-0.06304917484521866,0.9878950119018555,0.40201693773269653,0.3444989025592804,-0.06352044641971588,0.9889402985572815,0.4019332528114319,0.3420705497264862,-0.06385596096515656,0.9932019710540771,0.40705108642578125,0.2801896631717682,-0.13969209790229797,0.9901607036590576,0.4053853452205658,0.3105565905570984,0.003041293704882264,0.9907712340354919,0.43102365732192993,0.3457343578338623,-0.07670824974775314,0.9603424072265625,0.4301190972328186,0.3547082841396332,-0.038372594863176346,0.9509046077728271,0.4800087809562683,0.22624121606349945,-0.20051932334899902,0.9985113143920898,0.4695347547531128,0.3077987730503082,0.10834651440382004,0.9907116293907166,0.49413052201271057,0.3394469618797302,-0.3605044186115265,0.8177440762519836,0.5543028116226196,0.3516746461391449,0.1638648360967636,0.008257878944277763,0.36931556463241577,0.36455807089805603,-0.43178290128707886,0.7576600909233093,0.5923891067504883,0.3633040487766266,0.13638918101787567,0.016100192442536354,0.33387428522109985,0.3808659613132477,-0.468138188123703,0.8129866123199463,0.6043164730072021,0.3608674705028534,0.15380452573299408,0.02797538787126541,0.32913944125175476,0.3638986647129059,-0.4497494399547577,0.8136916160583496,0.598904013633728,0.36780619621276855,0.1176072508096695,0.027712896466255188,0.33988821506500244,0.35801807045936584,-0.42421865463256836,0.7323740720748901,0.5948123931884766,0.3627680540084839,0.12682916224002838,0.02976754866540432,0.6931174993515015,0.38617393374443054,-0.10563722252845764,0.9996780753135681,0.6606089472770691,0.41737881302833557,0.105453722178936,0.9995589256286621,0.7271758913993835,0.7123666405677795,-0.10691992938518524,0.474553644657135,0.6870972514152527,0.6495575308799744,0.16929754614830017,0.02771892584860325,0.8446065783500671,0.4846804440021515,-0.02882261388003826,0.4983416497707367,0.8216968774795532,0.48496049642562866,0.23011383414268494,0.024780776351690292,0.862453043460846,0.4199845492839813,-0.018692729994654655,0.623401403427124,0.8372882604598999,0.42036503553390503,0.2371186763048172,0.08817900717258453,0.8959116339683533,0.5907022953033447,-0.015141046606004238,0.6001589894294739,0.8458883166313171,0.529352068901062,0.25081154704093933,0.04717840999364853,2
0.41419440507888794,0.34304195642471313,-0.06956987828016281,0.9852708578109741,0.4013412594795227,0.3197574019432068,-0.0897914320230484,0.9857533574104309,0.4017980992794037,0.31270599365234375,-0.09014884382486343,0.9862716794013977,0.40247681736946106,0.30592215061187744,-0.09011569619178772,0.9885336756706238,0.40124669671058655,0.3258386254310608,-0.05467759072780609,0.9885578751564026,0.40144282579421997,0.32372957468032837,-0.05520953983068466,0.989571213722229,0.40143337845802307,0.32202965021133423,-0.055551592260599136,0.9936091899871826,0.4066329598426819,0.2647629380226135,-0.13591961562633514,0.9905300140380859,0.4045605957508087,0.2929008901119232,0.012610046193003654,0.9914011359214783,0.43059566617012024,0.329984188079834,-0.07502888143062592,0.9627320170402527,0.4297991394996643,0.3393723666667938,-0.03170764073729515,0.9540562033653259,0.4793010652065277,0.22276465594768524,-0.20023037493228912,0.9986076354980469,0.47059908509254456,0.30200907588005066,0.11432518810033798,0.991513192653656,0.5066964030265808,0.33479663729667664,-0.34906235337257385,0.8225753903388977,0.541907548904419,0.35745179653167725,0.19305545091629028,0.008244904689490795,0.3882129490375519,0.3598904013633728,-0.37570327520370483,0.7640854716300964,0.5144409537315369,0.4705815315246582,0.17073312401771545,0.019873445853590965,0.3551478981971741,0.37424352765083313,-0.3931253254413605,0.816703736782074,0.5121129155158997,0.5043644905090332,0.1772281974554062,0.03441726043820381,0.3500686287879944,0.3583531975746155,-0.37850362062454224,0.8169593811035156,0.4998100697994232,0.5040509700775146,0.15042492747306824,0.034422654658555984,0.36453017592430115,0.35342222452163696,-0.36675846576690674,0.7364574670791626,0.5026654601097107,0.4858604073524475,0.15753714740276337,0.03621058911085129,0.6925048232078552,0.38568437099456787,-0.1055215522646904,0.9997006058692932,0.660293698310852,0.41635429859161377,0.10534785687923431,0.9995924830436707,0.7274839878082275,0.7133230566978455,-0.10855637490749359,0.4903997480869293,0.6861908435821533,0.647538423538208,0.16703270375728607,0.030867036432027817,0.8464924693107605,0.48163604736328125,-0.026445887982845306,0.5188109278678894,0.8237454891204834,0.48651066422462463,0.22330260276794434,0.027903949841856956,0.8634379506111145,0.41976168751716614,-0.015574281103909016,0.6362729668617249,0.8452440500259399,0.4271000027656555,0.23068462312221527,0.09521809220314026,0.8959240317344666,0.5891184210777283,-0.006626219023019075,0.6182255744934082,0.8461541533470154,0.524539589881897,0.2552962303161621,0.05224291980266571,2
0.4141024053096771,0.336347371339798,-0.040071647614240646,0.9858444929122925,0.4012625813484192,0.3165279030799866,-0.06867288053035736,0.9863677024841309,0.4016754925251007,0.309715211391449,-0.06891950219869614,0.9867754578590393,0.40229126811027527,0.30297499895095825,-0.06884018331766129,0.988985538482666,0.4011922776699066,0.32316017150878906,-0.03357463702559471,0.9890375137329102,0.40136775374412537,0.3214864134788513,-0.03402528539299965,0.9899393916130066,0.40131786465644836,0.3200356662273407,-0.03431578353047371,0.9938821792602539,0.40693923830986023,0.2624231278896332,-0.12883423268795013,0.9908913373947144,0.4044170081615448,0.29043570160865784,0.023256199434399605,0.991847038269043,0.43040111660957336,0.322491854429245,-0.05215682089328766,0.9640312194824219,0.42988646030426025,0.3327629566192627,-0.009529704228043556,0.9550442695617676,0.4785638451576233,0.22431278228759766,-0.1939655840396881,0.998587965965271,0.4715975821018219,0.28191569447517395,0.12425518035888672,0.991620659828186,0.5186678767204285,0.32832977175712585,-0.3097861111164093,0.7942291498184204,0.5217586755752563,0.33950188755989075,0.22626258432865143,0.007589206099510193,0.4047342836856842,0.35333576798439026,-0.2811751961708069,0.7140936255455017,0.4516010880470276,0.37432634830474854,0.2811526358127594,0.01812676154077053,0.37343496084213257,0.3629963994026184,-0.29262158274650574,0.7692424654960632,0.4427376985549927,0.38467395305633545,0.29343175888061523,0.03148471564054489,0.37010395526885986,0.34533926844596863,-0.27915409207344055,0.7680263519287109,0.43517494201660156,0.390787273645401,0.28601589798927307,0.031487781554460526,0.38383057713508606,0.33816176652908325,-0.2721605896949768,0.687529444694519,0.4374825358390808,0.38349685072898865,0.27511653304100037,0.03316877409815788,0.6929017901420593,0.3868858516216278,-0.10275138169527054,0.9997074604034424,0.6614908576011658,0.412630170583725,0.10265646874904633,0.9996079802513123,0.7275059223175049,0.7144461274147034,-0.1105094626545906,0.47423988580703735,0.686145007610321,0.6528238654136658,0.12568840384483337,0.03042074665427208,0.8473014831542969,0.48044177889823914,-0.04000573232769966,0.5166782140731812,0.8272046446800232,0.493844211101532,0.1680697649717331,0.027958126738667488,0.8641155958175659,0.41955089569091797,-0.02969435043632984,0.6344782710075378,0.8497491478919983,0.43717554211616516,0.1742062270641327,0.09552253782749176,0.8964558839797974,0.5889460444450378,-0.02932112105190754,0.6203498840332031,0.8503729701042175,0.5235621929168701,0.18118956685066223,0.05254364386200905,2
0.41404226422309875,0.3318273723125458,-0.017775673419237137,0.9861575961112976,0.40116551518440247,0.3123570382595062,-0.04923652857542038,0.9866554737091064,0.401523232460022,0.306599885225296,-0.04946694150567055,0.9869623184204102,0.40208250284194946,0.3012787103652954,-0.049394428730010986,0.9891671538352966,0.40113577246665955,0.316817969083786,-0.015716752037405968,0.9892830848693848,0.4013065695762634,0.314360111951828,-0.016149649396538734,0.9901351928710938,0.40124577283859253,0.3122574985027313,-0.016420090571045876,0.9940600395202637,0.40676969289779663,0.26317110657691956,-0.11695913970470428,0.991125762462616,0.40438398718833923,0.2812134921550751,0.03093511424958706,0.992205798625946,0.4299434721469879,0.3188846707344055,-0.0325491689145565,0.9654958248138428,0.42952772974967957,0.32625457644462585,0.007938142865896225,0.9563822150230408,0.4783802330493927,0.22595474123954773,-0.1833323836326599,0.9986246228218079,0.4716426730155945,0.26980113983154297,0.13068974018096924,0.991957426071167,0.5373576283454895,0.3232431411743164,-0.2783096730709076,0.7724478840827942,0.5252186059951782,0.3403443694114685,0.23125503957271576,0.007066992111504078,0.42525845766067505,0.3495389223098755,-0.24513277411460876,0.6702978610992432,0.4384973645210266,0.3613557815551758,0.2780855596065521,0.016756156459450722,0.39077648520469666,0.3586132526397705,-0.25518620014190674,0.7272047400474548,0.42123791575431824,0.3578091859817505,0.28881046175956726,0.029252903535962105,0.39075028896331787,0.34257495403289795,-0.24255920946598053,0.724287748336792,0.41596320271492004,0.36079180240631104,0.2815960943698883,0.02925661951303482,0.40233710408210754,0.33835580945014954,-0.23608718812465668,0.6435955762863159,0.42050856351852417,0.3560585379600525,0.27214574813842773,0.030850306153297424,0.6929352879524231,0.38679787516593933,-0.10001278668642044,0.9997122883796692,0.6632127165794373,0.4092295169830322,0.09995828568935394,0.9996209740638733,0.7275074124336243,0.7156607508659363,-0.10864033550024033,0.4603442847728729,0.6862449049949646,0.6640887260437012,0.11850712448358536,0.029935797676444054,0.847307562828064,0.48037657141685486,-0.0381021611392498,0.5111647248268127,0.8261727690696716,0.49916020035743713,0.15973661839962006,0.02749832160770893,0.8641675114631653,0.4193804860115051,-0.027724381536245346,0.6292656660079956,0.8476195931434631,0.44383516907691956,0.16599486768245697,0.0944313034415245,0.8967620730400085,0.5889423489570618,-0.02414887771010399,0.6188807487487793,0.8512007594108582,0.5233046412467957,0.17700840532779694,0.0518883541226387,2
0.41254833340644836,0.33312439918518066,-0.0130619490519166,0.9866021871566772,0.4006994664669037,0.31364715099334717,-0.04531428590416908,0.9871175289154053,0.40100911259651184,0.30830395221710205,-0.04554663226008415,0.9872872829437256,0.4013897180557251,0.30341818928718567,-0.04548151046037674,0.9895101189613342,0.4009764492511749,0.3164588510990143,-0.010853614658117294,0.9896528720855713,0.4012407958507538,0.3130679130554199,-0.011285126209259033,0.9904339909553528,0.40110641717910767,0.3097642660140991,-0.011560017243027687,0.9943093657493591,0.4065009355545044,0.2641500234603882,-0.1154647022485733,0.9914213418960571,0.40429583191871643,0.27314379811286926,0.03657246008515358,0.9925559163093567,0.4284713566303253,0.32014501094818115,-0.028871601447463036,0.9671579003334045,0.42906177043914795,0.3257087469100952,0.012820268049836159,0.9579614400863647,0.47787371277809143,0.22391822934150696,-0.17880579829216003,0.9986746907234192,0.4712396562099457,0.26780274510383606,0.1314927339553833,0.9923308491706848,0.5509727597236633,0.31419286131858826,-0.25598713755607605,0.7460512518882751,0.5284356474876404,0.3403117060661316,0.21413365006446838,0.006553710903972387,0.43400198221206665,0.34138354659080505,-0.2081184983253479,0.6232114434242249,0.4385930299758911,0.35768526792526245,0.22371990978717804,0.01539482083171606,0.3993358314037323,0.3523060083389282,-0.21550440788269043,0.6802307367324829,0.417519748210907,0.3527792692184448,0.22719644010066986,0.026993362233042717,0.3961413502693176,0.33412808179855347,-0.20403322577476501,0.6760979890823364,0.4122241139411926,0.3519816994667053,0.21921977400779724,0.027010705322027206,0.40825289487838745,0.33055350184440613,-0.1989879310131073,0.5970043540000916,0.4198913276195526,0.3490826487541199,0.216201052069664,0.02849835716187954,0.6923601627349854,0.38604769110679626,-0.09719190001487732,0.999714732170105,0.6624025702476501,0.40933600068092346,0.09714905172586441,0.999630868434906,0.7274885773658752,0.7156601548194885,-0.10844344645738602,0.4357335567474365,0.686284601688385,0.6754003167152405,0.10844650864601135,0.028481291607022285,0.8472455739974976,0.48034441471099854,-0.03556184470653534,0.4886922836303711,0.8253491520881653,0.503892183303833,0.1550111621618271,0.02602776139974594,0.86418616771698,0.419115275144577,-0.02487640455365181,0.6089710593223572,0.8291206359863281,0.43472325801849365,0.1620025783777237,0.09045717120170593,0.8960613012313843,0.5870897173881531,-0.021070541813969612,0.6008582711219788,0.8511989712715149,0.5225076079368591,0.17062120139598846,0.049519624561071396,2
0.41286295652389526,0.33495032787323,-0.014713043347001076,0.9871237874031067,0.40089064836502075,0.31650665402412415,-0.04636060819029808,0.9875554442405701,0.40118539333343506,0.31142616271972656,-0.04659147933125496,0.9876400828361511,0.40149742364883423,0.3062414228916168,-0.04652741923928261,0.9898449778556824,0.401346355676651,0.31858327984809875,-0.013092794455587864,0.9900097846984863,0.40183204412460327,0.31529873609542847,-0.013528112322092056,0.9907410740852356,0.40208083391189575,0.3120221197605133,-0.013799263164401054,0.9945369958877563,0.4064158797264099,0.2652243375778198,-0.11557861417531967,0.991742730140686,0.4052199721336365,0.27535316348075867,0.029910050332546234,0.9929102063179016,0.4291543662548065,0.3222677409648895,-0.03102985769510269,0.9689109325408936,0.430584579706192,0.32773512601852417,0.00954616628587246,0.9597564935684204,0.4778532087802887,0.22538305819034576,-0.17961730062961578,0.9987402558326721,0.47254103422164917,0.2616357207298279,0.12423528730869293,0.9927612543106079,0.5623801946640015,0.3110312819480896,-0.24560049176216125,0.7226226329803467,0.527084469795227,0.3267216980457306,0.21020226180553436,0.0060492330230772495,0.44046148657798767,0.33243197202682495,-0.18450361490249634,0.5812910795211792,0.4402908682823181,0.3476683497428894,0.24396389722824097,0.014150936156511307,0.4073493778705597,0.3369046151638031,-0.18928636610507965,0.6377652883529663,0.4194648861885071,0.3431661128997803,0.253033846616745,0.0249247457832098,0.40421485900878906,0.32031601667404175,-0.17815278470516205,0.6321726441383362,0.4153343141078949,0.33928680419921875,0.2470608353614807,0.024929091334342957,0.41606494784355164,0.31926658749580383,-0.1753428727388382,0.5548685193061829,0.42343100905418396,0.3402141332626343,0.2382812201976776,0.026325730606913567,0.6923156976699829,0.3859789967536926,-0.09655667096376419,0.999718427658081,0.6627898812294006,0.40595799684524536,0.09651082009077072,0.999642014503479,0.7267330288887024,0.7178540229797363,-0.10027933865785599,0.41632917523384094,0.6823968291282654,0.6727982759475708,0.11582493782043457,0.026942702010273933,0.846464991569519,0.48123571276664734,-0.033993493765592575,0.47104328870773315,0.8236960172653198,0.5043576955795288,0.1545305699110031,0.024655049666762352,0.8617314100265503,0.41975101828575134,-0.02341599389910698,0.5943359136581421,0.820885419845581,0.4331953823566437,0.16072265803813934,0.08676289021968842,0.8952967524528503,0.5872881412506104,-0.016269804909825325,0.5861619710922241,0.8448475003242493,0.5214783549308777,0.17862455546855927,0.047144945710897446,2
0.412229061126709,0.32578539848327637,-0.01652400940656662,0.9877126812934875,0.40074750781059265,0.30858996510505676,-0.04817907139658928,0.9881017208099365,0.4010966122150421,0.30451884865760803,-0.0484183244407177,0.9881380200386047,0.4014115631580353,0.3007495403289795,-0.04836279898881912,0.9903139472007751,0.4011702239513397,0.3097086250782013,-0.014521364122629166,0.9903868436813354,0.4017261564731598,0.3062528967857361,-0.0149537343531847,0.9910511374473572,0.4020557105541229,0.3028380572795868,-0.015225986018776894,0.9947530627250671,0.4063616096973419,0.2617073357105255,-0.11877234280109406,0.992172360420227,0.40516772866249084,0.2641240954399109,0.029722362756729126,0.9932042360305786,0.4288714528083801,0.312711238861084,-0.032906584441661835,0.9709358811378479,0.430402010679245,0.3175773024559021,0.008032839745283127,0.9617946147918701,0.47868937253952026,0.22263655066490173,-0.18024177849292755,0.9988324046134949,0.4729210138320923,0.26085925102233887,0.12476327270269394,0.993226170539856,0.577061116695404,0.3090883195400238,-0.2602846920490265,0.7080714702606201,0.5462723970413208,0.3291776776313782,0.20751771330833435,0.005642097443342209,0.45028576254844666,0.3271113634109497,-0.21704456210136414,0.5535895228385925,0.45218104124069214,0.3505818843841553,0.2352125644683838,0.013139154762029648,0.4185192286968231,0.33755597472190857,-0.2260294407606125,0.6092559099197388,0.42526161670684814,0.3449624478816986,0.23695331811904907,0.023288007825613022,0.4133523106575012,0.31543752551078796,-0.2135428786277771,0.6018205881118774,0.4224907159805298,0.34182310104370117,0.22153030335903168,0.023288700729608536,0.4247722923755646,0.3137196898460388,-0.2075243443250656,0.5235599279403687,0.43190476298332214,0.34234121441841125,0.2237580418586731,0.024589840322732925,0.6920450925827026,0.3848910629749298,-0.09715798497200012,0.9997298121452332,0.6621333956718445,0.40586715936660767,0.09709884971380234,0.9996578097343445,0.7260257601737976,0.718381404876709,-0.10327950865030289,0.3965427875518799,0.6765739321708679,0.6702284812927246,0.1174776628613472,0.025643514469265938,0.8436412811279297,0.4826643764972687,-0.03889898583292961,0.450924277305603,0.8182492852210999,0.5044032335281372,0.1669708639383316,0.023306600749492645,0.85950767993927,0.42012494802474976,-0.028128061443567276,0.5733100175857544,0.8124781250953674,0.4315272569656372,0.1745164692401886,0.08296617865562439,0.8942775726318359,0.5876503586769104,-0.016802581027150154,0.5682641267776489,0.8404460549354553,0.5209451913833618,0.19446402788162231,0.044891342520713806,2
0.41159722208976746,0.3229678273200989,-0.014736945740878582,0.9884792566299438,0.4003205895423889,0.30685174465179443,-0.04631514102220535,0.9888310432434082,0.400767058134079,0.30300143361091614,-0.04655568674206734,0.988796591758728,0.4011332392692566,0.29941558837890625,-0.04652026668190956,0.9909038543701172,0.40044158697128296,0.30885398387908936,-0.010525394231081009,0.9909642934799194,0.40086910128593445,0.30631837248802185,-0.010937217622995377,0.9915615320205688,0.40112656354904175,0.3037486970424652,-0.011217530816793442,0.9950830936431885,0.4062533974647522,0.26056548953056335,-0.11702799052000046,0.9926798343658447,0.40501776337623596,0.26673567295074463,0.04317222163081169,0.9935877323150635,0.42808103561401367,0.3113752007484436,-0.031422872096300125,0.9732482433319092,0.4293132424354553,0.316698282957077,0.012075179256498814,0.9645305871963501,0.4810905456542969,0.2199806421995163,-0.17980694770812988,0.9989282488822937,0.4731892943382263,0.2627279758453369,0.1407805234193802,0.9937682747840881,0.5881109833717346,0.30307236313819885,-0.23784208297729492,0.7052827477455139,0.5478571653366089,0.33013981580734253,0.17119786143302917,0.005368741229176521,0.45935577154159546,0.3268403708934784,-0.16740785539150238,0.5345334410667419,0.4604262113571167,0.35375863313674927,0.07418885082006454,0.012584277428686619,0.4299812316894531,0.3393702208995819,-0.1724635809659958,0.5864141583442688,0.43518295884132385,0.35015159845352173,0.061550114303827286,0.02252889797091484,0.42212578654289246,0.31424662470817566,-0.1613447070121765,0.5768090486526489,0.4287603795528412,0.34382927417755127,0.058053020387887955,0.022508883848786354,0.43413084745407104,0.3137100636959076,-0.15699344873428345,0.49746397137641907,0.4404083490371704,0.34569689631462097,0.06561382114887238,0.023693766444921494,0.6913812756538391,0.38401591777801514,-0.09854934364557266,0.9997462630271912,0.6621440649032593,0.4059939980506897,0.09852638095617294,0.9996805787086487,0.7251691818237305,0.7187443971633911,-0.10453169047832489,0.3881312310695648,0.6776494383811951,0.6803447008132935,0.11830980330705643,0.02533799223601818,0.843725323677063,0.48259609937667847,-0.04027058929204941,0.44194668531417847,0.8187972903251648,0.5075194835662842,0.16084814071655273,0.022851476445794106,0.8612357974052429,0.41956639289855957,-0.029809407889842987,0.559054970741272,0.8310377597808838,0.4488199055194855,0.16757000982761383,0.0817745104432106,0.895172119140625,0.5920975208282471,-0.02697824127972126,0.5616806149482727,0.8438044190406799,0.5268702507019043,0.17647600173950195,0.04454921931028366,2
0.41254922747612,0.3219776153564453,-0.01506405882537365,0.9893555045127869,0.4003107249736786,0.3063826858997345,-0.046069495379924774,0.9896722435951233,0.40071630477905273,0.30240827798843384,-0.04630030319094658,0.9895955324172974,0.4010683298110962,0.2986404299736023,-0.04625812917947769,0.9915575981140137,0.40042629837989807,0.30933666229248047,-0.010128081776201725,0.9916500449180603,0.4008096754550934,0.3073998987674713,-0.010538002476096153,0.992194652557373,0.40107038617134094,0.30534112453460693,-0.010810820385813713,0.9954639673233032,0.4061715006828308,0.2599044442176819,-0.11569742858409882,0.9932312369346619,0.4049636125564575,0.26877132058143616,0.04556000232696533,0.9940767884254456,0.4287549555301666,0.30918148159980774,-0.031429070979356766,0.9754331707954407,0.4294491410255432,0.3160856366157532,0.012238048948347569,0.9672632813453674,0.483495831489563,0.2203337401151657,-0.17656511068344116,0.9990136623382568,0.4749242663383484,0.25716155767440796,0.14263728260993958,0.9942877292633057,0.6011388301849365,0.29543188214302063,-0.23003096878528595,0.6957859992980957,0.5648577809333801,0.3312721848487854,0.17634180188179016,0.005089801270514727,0.47521573305130005,0.3194269835948944,-0.15473152697086334,0.5097582936286926,0.48116832971572876,0.37090861797332764,0.11440406739711761,0.01237654872238636,0.45055776834487915,0.3363398015499115,-0.15602639317512512,0.5600905418395996,0.46059438586235046,0.37314504384994507,0.10917095094919205,0.022496908903121948,0.43844860792160034,0.307973712682724,-0.14549800753593445,0.548839271068573,0.4441300630569458,0.3450072109699249,0.10287793725728989,0.022434167563915253,0.4511558711528778,0.30718934535980225,-0.14463959634304047,0.47087976336479187,0.45807570219039917,0.355763703584671,0.10591868311166763,0.023508988320827484,0.691361129283905,0.38399314880371094,-0.09865976125001907,0.9997598528862,0.6644365787506104,0.40451350808143616,0.09862978756427765,0.9997000694274902,0.7249936461448669,0.7188822031021118,-0.10586989670991898,0.390448659658432,0.6788453459739685,0.6773585677146912,0.1245931088924408,0.025289079174399376,0.8437475562095642,0.48295730352401733,-0.04214274510741234,0.443667471408844,0.8175355195999146,0.5051906108856201,0.17076632380485535,0.022616026923060417,0.8621545433998108,0.41893136501312256,-0.03135693073272705,0.5570715069770813,0.8279297351837158,0.4307892620563507,0.17751935124397278,0.08146786689758301,0.895546555519104,0.5933548212051392,-0.024199780076742172,0.5651491284370422,0.8437775373458862,0.5225898623466492,0.17686334252357483,0.04456975311040878,2
0.4148772954940796,0.3186350166797638,-0.034112680703401566,0.9901853799819946,0.4008801281452179,0.3049299716949463,-0.06476367264986038,0.9904797077178955,0.40104159712791443,0.3007088601589203,-0.06502635031938553,0.9903843998908997,0.40119072794914246,0.2967091202735901,-0.06503365188837051,0.9921950697898865,0.4011082351207733,0.3088493347167969,-0.02796168439090252,0.992302417755127,0.40124329924583435,0.30732932686805725,-0.028352539986371994,0.9928087592124939,0.4012874960899353,0.30564022064208984,-0.028639690950512886,0.9958182573318481,0.40610331296920776,0.2544550895690918,-0.12543144822120667,0.993787944316864,0.4049479365348816,0.26928478479385376,0.03792863339185715,0.9945114850997925,0.43041878938674927,0.3028161823749542,-0.04756596311926842,0.9775035977363586,0.4307155907154083,0.3121907413005829,-0.003035077592357993,0.969839870929718,0.48549148440361023,0.21945039927959442,-0.17858795821666718,0.9990993738174438,0.47540849447250366,0.25295037031173706,0.14043352007865906,0.994766116142273,0.6077035069465637,0.2976616322994232,-0.2200561910867691,0.6923567056655884,0.569550096988678,0.33112838864326477,0.06267019361257553,0.004706390202045441,0.4819497764110565,0.31425395607948303,-0.114085353910923,0.4894787073135376,0.48930537700653076,0.37122732400894165,-0.16026721894741058,0.011726350523531437,0.45834988355636597,0.33274948596954346,-0.11156435310840607,0.5376172661781311,0.4670318067073822,0.37347492575645447,-0.18875455856323242,0.021889425814151764,0.4485577940940857,0.30262312293052673,-0.10352502763271332,0.5250178575515747,0.45076853036880493,0.3490331470966339,-0.18798202276229858,0.021806206554174423,0.4587841033935547,0.30239853262901306,-0.10387860983610153,0.44768691062927246,0.4590052366256714,0.35162854194641113,-0.17002205550670624,0.02271091379225254,0.6911565661430359,0.38185420632362366,-0.09928763657808304,0.9997744560241699,0.6645917892456055,0.4030182957649231,0.0992962196469307,0.9997194409370422,0.7247311472892761,0.719764232635498,-0.1072164997458458,0.40305447578430176,0.6793369054794312,0.6757113337516785,0.11798148602247238,0.025571055710315704,0.8426112532615662,0.4834248423576355,-0.04443351551890373,0.4485281705856323,0.8066941499710083,0.5009753108024597,0.16585801541805267,0.022806061431765556,0.8612867593765259,0.41888174414634705,-0.033779218792915344,0.559807300567627,0.8206228017807007,0.4301281273365021,0.1732592135667801,0.08275483548641205,0.8956648707389832,0.5887627601623535,-0.02265540510416031,0.5735263228416443,0.8424270153045654,0.5220651030540466,0.18853123486042023,0.045720819383859634,2
0.41486701369285583,0.31899234652519226,-0.029278216883540154,0.9907709360122681,0.40086057782173157,0.3054405152797699,-0.06217295303940773,0.9910622239112854,0.40094852447509766,0.3014149069786072,-0.06245410069823265,0.9909147620201111,0.4009862542152405,0.2975447475910187,-0.062486231327056885,0.992642879486084,0.4010799825191498,0.30819353461265564,-0.0233123991638422,0.9927931427955627,0.40120068192481995,0.306087464094162,-0.023686416447162628,0.9932782053947449,0.40117380023002625,0.3037501871585846,-0.023969706147909164,0.996097981929779,0.40546807646751404,0.25635525584220886,-0.12490024417638779,0.9942208528518677,0.4045901596546173,0.26687711477279663,0.0404510460793972,0.9948335886001587,0.43033313751220703,0.302907258272171,-0.045509520918130875,0.9793241024017334,0.4306047558784485,0.30993780493736267,0.0011389824794605374,0.9721238017082214,0.4863652288913727,0.21784083545207977,-0.17896433174610138,0.9991762638092041,0.4759635925292969,0.2524529993534088,0.1412879079580307,0.9951896667480469,0.6056756377220154,0.2985098958015442,-0.20989374816417694,0.686598539352417,0.5667294263839722,0.33227530121803284,0.060527268797159195,0.004344938322901726,0.4842117130756378,0.31400078535079956,-0.0946023091673851,0.4627154767513275,0.48233646154403687,0.369488000869751,-0.1754610389471054,0.010963395237922668,0.4607316553592682,0.3333570957183838,-0.09156708419322968,0.5086113810539246,0.4594227075576782,0.3698711097240448,-0.20648527145385742,0.020881975069642067,0.45034679770469666,0.30115342140197754,-0.0838559940457344,0.49496883153915405,0.44551360607147217,0.34689345955848694,-0.20590753853321075,0.020796816796064377,0.46089884638786316,0.30120617151260376,-0.08408164232969284,0.41955047845840454,0.45715683698654175,0.34915634989738464,-0.18575072288513184,0.021565375849604607,0.6910932064056396,0.380779892206192,-0.09986619651317596,0.9997897148132324,0.6645190119743347,0.40313076972961426,0.09990217536687851,0.9997392892837524,0.7244094014167786,0.7196911573410034,-0.10958429425954819,0.4136248528957367,0.6792696714401245,0.6753614544868469,0.11098382622003555,0.025353774428367615,0.8430694937705994,0.48338979482650757,-0.043789345771074295,0.4515994191169739,0.8082723617553711,0.5023401975631714,0.158624067902565,0.022664198651909828,0.8633742928504944,0.4188641905784607,-0.032231494784355164,0.5597806572914124,0.8238680362701416,0.44264763593673706,0.16558241844177246,0.08238910883665085,0.895818293094635,0.5912203788757324,-0.021521128714084625,0.5791839361190796,0.8419790267944336,0.5207489728927612,0.17360860109329224,0.04619636759161949,2
0.4178057014942169,0.3169418275356293,-0.03513525798916817,0.9916311502456665,0.40197432041168213,0.3036493957042694,-0.06603863835334778,0.9918892979621887,0.4018016457557678,0.29926905035972595,-0.06627200543880463,0.9917464256286621,0.40159672498703003,0.2949828803539276,-0.06625275313854218,0.9933056831359863,0.40239036083221436,0.3074163794517517,-0.028701867908239365,0.993470311164856,0.40231624245643616,0.30571773648262024,-0.02909289486706257,0.993914008140564,0.4021078646183014,0.303760290145874,-0.029351579025387764,0.9964667558670044,0.4055027961730957,0.25316518545150757,-0.12553200125694275,0.9947544932365417,0.40490105748176575,0.2666644752025604,0.03877245634794235,0.9953224062919617,0.43240323662757874,0.30007466673851013,-0.04875170812010765,0.9812940359115601,0.4326596260070801,0.308180034160614,-0.0035548172891139984,0.9747745990753174,0.48796969652175903,0.21799755096435547,-0.1794324368238449,0.9992498755455017,0.47773420810699463,0.2522231340408325,0.14089632034301758,0.9956485033035278,0.6136043667793274,0.29996803402900696,-0.22371888160705566,0.698740541934967,0.5778132081031799,0.3372298777103424,0.10713435709476471,0.004645972978323698,0.48708397150039673,0.3136156499385834,-0.1015239953994751,0.4773831069469452,0.5145245790481567,0.4227693974971771,-0.04538167640566826,0.018636390566825867,0.46304360032081604,0.3340871036052704,-0.12094758450984955,0.5215919017791748,0.4958917498588562,0.4435475170612335,-0.06319402158260345,0.03653892129659653,0.45209309458732605,0.3016466200351715,-0.09431235492229462,0.5070885419845581,0.48360639810562134,0.4481731951236725,-0.07230886816978455,0.03636383265256882,0.4618634581565857,0.3004906177520752,-0.09431206434965134,0.43023911118507385,0.4899054169654846,0.42312002182006836,-0.05696635693311691,0.03548621013760567,0.6910861134529114,0.3807932734489441,-0.10103654116392136,0.9998041391372681,0.6642473340034485,0.40306994318962097,0.10103601962327957,0.9997596740722656,0.7241265177726746,0.7198832035064697,-0.11438370496034622,0.4484714865684509,0.6734406352043152,0.6756103038787842,0.12546350061893463,0.03136329725384712,0.8430988192558289,0.4838324785232544,-0.04258134216070175,0.4772103428840637,0.8079726099967957,0.5015931129455566,0.1590532660484314,0.02668205089867115,0.8647016286849976,0.41889339685440063,-0.03202353045344353,0.5788867473602295,0.8241104483604431,0.4432350993156433,0.16702750325202942,0.09170149266719818,0.8959895372390747,0.5929441452026367,-0.009650315158069134,0.6037658452987671,0.8388080596923828,0.5212353467941284,0.19046200811862946,0.05521901324391365,2
0.41890037059783936,0.31478995084762573,-0.04565812647342682,0.9924291372299194,0.4024881422519684,0.30210503935813904,-0.07343704998493195,0.9926544427871704,0.40212270617485046,0.2973161041736603,-0.0736478790640831,0.9925158023834229,0.40175285935401917,0.29267895221710205,-0.07362454384565353,0.9939210414886475,0.4031212031841278,0.30717548727989197,-0.03667105361819267,0.9940966367721558,0.4030453562736511,0.3059585392475128,-0.03706451505422592,0.9945003986358643,0.40285569429397583,0.3044187128543854,-0.037322886288166046,0.9968075752258301,0.405181348323822,0.24909305572509766,-0.1252518594264984,0.9952441453933716,0.40507638454437256,0.26724809408187866,0.038735661655664444,0.9957712888717651,0.43307435512542725,0.29734155535697937,-0.05570969358086586,0.9830975532531738,0.43347787857055664,0.3071764409542084,-0.011233030818402767,0.9772131443023682,0.4896024465560913,0.21815916895866394,-0.17904815077781677,0.9993174076080322,0.47805532813072205,0.25395435094833374,0.14596714079380035,0.9960715174674988,0.6149946451187134,0.29846328496932983,-0.22398100793361664,0.7123004198074341,0.5810178518295288,0.34585410356521606,0.10629086196422577,0.005288598593324423,0.4881129264831543,0.31400421261787415,-0.1336178332567215,0.49196362495422363,0.5170757174491882,0.43863093852996826,-0.104833222925663,0.03335227444767952,0.462727427482605,0.3337244987487793,-0.13548915088176727,0.5324511528015137,0.5003073811531067,0.46607425808906555,-0.13005845248699188,0.0630156472325325,0.4526090621948242,0.3028338551521301,-0.12580254673957825,0.5170426368713379,0.4962603449821472,0.4748084843158722,-0.14037324488162994,0.06264163553714752,0.46282848715782166,0.3021337389945984,-0.12441564351320267,0.4394319951534271,0.49865639209747314,0.45088258385658264,-0.1183672696352005,0.05870860442519188,0.6912339329719543,0.38055217266082764,-0.1048969179391861,0.9998165965080261,0.6642683744430542,0.4030035734176636,0.10484317690134048,0.999778687953949,0.7241318821907043,0.7198434472084045,-0.11711983382701874,0.4774578809738159,0.6742649674415588,0.67514967918396,0.12671872973442078,0.03517823666334152,0.8430653810501099,0.4843611419200897,-0.042199715971946716,0.48991069197654724,0.8081410527229309,0.5018166303634644,0.16433100402355194,0.028525197878479958,0.8646961450576782,0.41794463992118835,-0.030495641753077507,0.5876022577285767,0.8235679268836975,0.43480321764945984,0.1721048206090927,0.09603594243526459,0.8958308696746826,0.5858047604560852,0.002890391042456031,0.6203426718711853,0.8449046611785889,0.521449863910675,0.1950729340314865,0.06017786264419556,2
0.41946694254875183,0.3133085072040558,-0.043556537479162216,0.9931139945983887,0.40319737792015076,0.3003450036048889,-0.07134688645601273,0.9933097958564758,0.4027307331562042,0.2952560782432556,-0.07156643271446228,0.9931668043136597,0.40220943093299866,0.2903147339820862,-0.07154510170221329,0.9944411516189575,0.40389886498451233,0.3065101206302643,-0.03460191935300827,0.9946368932723999,0.40385645627975464,0.3057844340801239,-0.03500080481171608,0.9950067400932312,0.40371137857437134,0.3047264516353607,-0.03526556119322777,0.9971018433570862,0.4051617681980133,0.24436970055103302,-0.12156655639410019,0.9956653714179993,0.40563493967056274,0.2680054306983948,0.04362533241510391,0.9961524605751038,0.43378907442092896,0.29544737935066223,-0.05376572906970978,0.9846681356430054,0.4342106282711029,0.3066461682319641,-0.00945030152797699,0.9793204069137573,0.4898205101490021,0.21791397035121918,-0.17530642449855804,0.9993765950202942,0.47972092032432556,0.2544960677623749,0.1551261842250824,0.9964380264282227,0.6114389896392822,0.2937564253807068,-0.21298541128635406,0.7214674353599548,0.5789823532104492,0.3448335826396942,0.09054473042488098,0.005195654463022947,0.4883210062980652,0.311738520860672,-0.11161157488822937,0.4914427399635315,0.5153670907020569,0.42568179965019226,-0.15107443928718567,0.03462512418627739,0.4623335301876068,0.33285537362098694,-0.10873279720544815,0.5288594365119934,0.501630961894989,0.4513407349586487,-0.18080738186836243,0.06747183203697205,0.4517400562763214,0.3040406405925751,-0.10024282336235046,0.5121911764144897,0.4910673201084137,0.45652860403060913,-0.18721041083335876,0.06696733087301254,0.4622606337070465,0.3025476932525635,-0.10112465173006058,0.4339632987976074,0.4944393038749695,0.43251368403434753,-0.16407562792301178,0.06248883157968521,0.6912292242050171,0.37990331649780273,-0.10614469647407532,0.9998284578323364,0.6642786860466003,0.40296751260757446,0.106080561876297,0.9997953176498413,0.7241355180740356,0.7195972204208374,-0.11812537163496017,0.5035689473152161,0.6752018332481384,0.6752358078956604,0.12338276207447052,0.038205236196517944,0.8436773419380188,0.4818231761455536,-0.04294818639755249,0.503115177154541,0.8090917468070984,0.5016465187072754,0.1631477028131485,0.030134201049804688,0.8663045167922974,0.41394397616386414,-0.031051496043801308,0.5949925184249878,0.8286597728729248,0.4398880898952484,0.17018049955368042,0.10006368160247803,0.8963646292686462,0.5849246382713318,0.0027599355671554804,0.6347467303276062,0.8460879921913147,0.5226823091506958,0.19137033820152283,0.06406117975711823,2
0.41886892914772034,0.313662588596344,-0.0494103878736496,0.9936621785163879,0.40298473834991455,0.29988911747932434,-0.07899875193834305,0.9938297271728516,0.4025472104549408,0.29498493671417236,-0.07923184335231781,0.9936701059341431,0.4020623564720154,0.29012054204940796,-0.07922222465276718,0.9948415756225586,0.4036236107349396,0.30575791001319885,-0.041368186473846436,0.9950730800628662,0.40359053015708923,0.3052278161048889,-0.04175834357738495,0.9954180717468262,0.4034666121006012,0.3045388460159302,-0.042024336755275726,0.9973410367965698,0.4050535559654236,0.24491752684116364,-0.13422255218029022,0.9960034489631653,0.4055776298046112,0.2681325376033783,0.033789318054914474,0.9964559078216553,0.43375077843666077,0.29706335067749023,-0.0612114742398262,0.9859974384307861,0.4338759183883667,0.307625412940979,-0.01568259485065937,0.9810780882835388,0.49042031168937683,0.21750590205192566,-0.18755190074443817,0.9994259476661682,0.4794391393661499,0.25501152873039246,0.14863719046115875,0.9967496991157532,0.606630265712738,0.28968483209609985,-0.24638576805591583,0.7242142558097839,0.5759829878807068,0.34651392698287964,0.06935146450996399,0.004948050249367952,0.4813172519207001,0.31326356530189514,-0.17095711827278137,0.485506534576416,0.5044544339179993,0.41819941997528076,-0.16925711929798126,0.033998340368270874,0.45669177174568176,0.33368879556655884,-0.17350724339485168,0.5206006765365601,0.49327677488327026,0.44352439045906067,-0.1986112892627716,0.06785071641206741,0.44642478227615356,0.30418914556503296,-0.1617896556854248,0.5028561949729919,0.4809949994087219,0.4453675448894501,-0.20477737486362457,0.06737446784973145,0.4568752646446228,0.3030163049697876,-0.15950815379619598,0.4228323996067047,0.48344147205352783,0.42054611444473267,-0.18189658224582672,0.06266222894191742,0.6912229657173157,0.3795260787010193,-0.10644560307264328,0.999837338924408,0.6642552614212036,0.402499258518219,0.10638702660799026,0.9998080730438232,0.7240703701972961,0.7195160388946533,-0.11751014739274979,0.5075454711914062,0.675814688205719,0.6741678714752197,0.12701930105686188,0.037576913833618164,0.8448621034622192,0.4809997081756592,-0.04837248474359512,0.49889931082725525,0.8094778656959534,0.47842028737068176,0.16580285131931305,0.029574237763881683,0.8678960204124451,0.4133434593677521,-0.03787714242935181,0.5906093120574951,0.8289180994033813,0.42846789956092834,0.17281721532344818,0.09863545000553131,0.8964301943778992,0.5845365524291992,-0.01806640625,0.6349672079086304,0.8464162349700928,0.522314727306366,0.19281816482543945,0.06337031722068787,2
