x_0,y_0,z_0,vis_0,x_1,y_1,z_1,vis_1,x_2,y_2,z_2,vis_2,x_3,y_3,z_3,vis_3,x_4,y_4,z_4,vis_4,x_5,y_5,z_5,vis_5,x_6,y_6,z_6,vis_6,x_7,y_7,z_7,vis_7,x_8,y_8,z_8,vis_8,x_9,y_9,z_9,vis_9,x_10,y_10,z_10,vis_10,x_11,y_11,z_11,vis_11,x_12,y_12,z_12,vis_12,x_13,y_13,z_13,vis_13,x_14,y_14,z_14,vis_14,x_15,y_15,z_15,vis_15,x_16,y_16,z_16,vis_16,x_17,y_17,z_17,vis_17,x_18,y_18,z_18,vis_18,x_19,y_19,z_19,vis_19,x_20,y_20,z_20,vis_20,x_21,y_21,z_21,vis_21,x_22,y_22,z_22,vis_22,x_23,y_23,z_23,vis_23,x_24,y_24,z_24,vis_24,x_25,y_25,z_25,vis_25,x_26,y_26,z_26,vis_26,x_27,y_27,z_27,vis_27,x_28,y_28,z_28,vis_28,x_29,y_29,z_29,vis_29,x_30,y_30,z_30,vis_30,x_31,y_31,z_31,vis_31,x_32,y_32,z_32,vis_32,label
0.7660450339317322,0.6759487986564636,-0.19507114589214325,0.9891864657402039,0.7813994884490967,0.6506080031394958,-0.17640823125839233,0.984829306602478,0.7817333340644836,0.6470659971237183,-0.17701727151870728,0.9838705062866211,0.7821190357208252,0.6445643901824951,-0.17700715363025665,0.9911792874336243,0.7786863446235657,0.6433358192443848,-0.2149852067232132,0.99030601978302,0.7771397233009338,0.6359028816223145,-0.21551157534122467,0.9922631978988647,0.7756274938583374,0.6274790167808533,-0.21573993563652039,0.9956153631210327,0.766206681728363,0.6080446243286133,-0.07257126271724701,0.9921395778656006,0.7606400847434998,0.5786541700363159,-0.24516503512859344,0.9899231195449829,0.745792031288147,0.6723440289497375,-0.14773942530155182,0.9915198683738708,0.7441633343696594,0.6617968082427979,-0.20109520852565765,0.9935314655303955,0.6898223161697388,0.6007300019264221,0.02619202248752117,0.9996393322944641,0.6473062038421631,0.5251939296722412,-0.25001493096351624,0.9998051524162292,0.6160786747932434,0.699381411075592,0.13970214128494263,0.05735045298933983,0.5255975723266602,0.6319094896316528,-0.32402607798576355,0.989100992679596,0.6481291651725769,0.8548489212989807,0.10558468848466873,0.23405681550502777,0.5546464323997498,0.8765196204185486,-0.3761385381221771,0.9719700217247009,0.6746209859848022,0.8623197674751282,0.09774943441152573,0.2880166172981262,0.5738547444343567,0.9032479524612427,-0.43047770857810974,0.9500606060028076,0.6741474866867065,0.868051290512085,0.06267501413822174,0.3131365180015564,0.5917351245880127,0.8959298133850098,-0.4123779833316803,0.9503699541091919,0.6611907482147217,0.8655296564102173,0.09081907570362091,0.290511816740036,0.5886013507843018,0.8877053260803223,-0.3729599416255951,0.9012140035629272,0.42642030119895935,0.7128992080688477,0.09103146195411682,0.9997330904006958,0.3965142071247101,0.6676937937736511,-0.09128500521183014,0.9998466968536377,0.30469077825546265,0.7509281635284424,0.2859657406806946,0.03165067359805107,0.2689225375652313,0.7370702624320984,0.07195429503917694,0.29878830909729004,0.2020745575428009,0.7470728754997253,0.47611457109451294,0.0760209783911705,0.17267276346683502,0.7509220242500305,0.27332672476768494,0.4499256908893585,0.18217019736766815,0.7308560609817505,0.4895394742488861,0.15890605747699738,0.15099839866161346,0.7367939949035645,0.2910187840461731,0.3726266324520111,0.1943245381116867,0.8376627564430237,0.42167165875434875,0.20886515080928802,0.16460204124450684,0.8474037647247314,0.20447030663490295,0.4564882814884186,1
0.7607558369636536,0.6439103484153748,-0.188675656914711,0.9897570013999939,0.7757207155227661,0.6184310913085938,-0.17052437365055084,0.985723614692688,0.7761825919151306,0.6146453022956848,-0.17114391922950745,0.9848570227622986,0.7767469882965088,0.6117020845413208,-0.17114415764808655,0.9917291402816772,0.7727728486061096,0.61146080493927,-0.20975254476070404,0.9908236861228943,0.7712944746017456,0.6039953827857971,-0.21026486158370972,0.9926827549934387,0.7699180245399475,0.59528648853302,-0.21048444509506226,0.9958134889602661,0.7617151141166687,0.5713782906532288,-0.07013821601867676,0.9926971793174744,0.756404459476471,0.545357882976532,-0.24606290459632874,0.9902883172035217,0.7415522336959839,0.6410406231880188,-0.14253468811511993,0.9920752048492432,0.7385932207107544,0.6312323808670044,-0.19682492315769196,0.9938742518424988,0.6834600567817688,0.5794659852981567,0.02874068357050419,0.9996540546417236,0.645563006401062,0.4901585876941681,-0.2540442943572998,0.9998047947883606,0.6161800622940063,0.702570915222168,0.12091480195522308,0.06299503892660141,0.5251349210739136,0.6306999921798706,-0.3491475284099579,0.9895065426826477,0.6491984128952026,0.8577331900596619,0.061188045889139175,0.2555004954338074,0.5557857155799866,0.8774401545524597,-0.41541486978530884,0.9739721417427063,0.674475371837616,0.8629623055458069,0.049404170364141464,0.30918213725090027,0.5761842131614685,0.903266966342926,-0.4732365608215332,0.9538471698760986,0.6739442348480225,0.8683767318725586,0.015316417440772057,0.33525919914245605,0.59364253282547,0.8959356546401978,-0.4541354775428772,0.9541118144989014,0.6612571477890015,0.8661487698554993,0.046037621796131134,0.31066206097602844,0.589542806148529,0.8877061009407043,-0.4122137427330017,0.9080386161804199,0.42654284834861755,0.7057727575302124,0.09110363572835922,0.9997432231903076,0.3962673246860504,0.6520596742630005,-0.09135781973600388,0.9998493194580078,0.30441221594810486,0.7470116019248962,0.2904309332370758,0.03526118025183678,0.2696079909801483,0.7290175557136536,0.07252748310565948,0.3147289752960205,0.20269741117954254,0.7472814321517944,0.49521204829216003,0.0843590497970581,0.17361420392990112,0.750589907169342,0.2782454192638397,0.4758269488811493,0.18238255381584167,0.730107307434082,0.5103811025619507,0.16965478658676147,0.15160521864891052,0.7351081371307373,0.2978377640247345,0.39126822352409363,0.19468209147453308,0.838316798210144,0.4455964267253876,0.22828887403011322,0.16303561627864838,0.8485851883888245,0.21383436024188995,0.48126885294914246,1
0.7557296752929688,0.6094430685043335,-0.17613334953784943,0.9905475974082947,0.770541250705719,0.5856850147247314,-0.15931101143360138,0.9868565797805786,0.7708154916763306,0.5819976925849915,-0.15993791818618774,0.98610919713974,0.7711713910102844,0.5787702798843384,-0.1599326878786087,0.9924044609069824,0.7681289315223694,0.5790072083473206,-0.19895219802856445,0.9915041327476501,0.7667469382286072,0.5706888437271118,-0.19945336878299713,0.9932435154914856,0.7654410600662231,0.5615969896316528,-0.19966521859169006,0.9960969686508179,0.756783127784729,0.5364758968353271,-0.06370285153388977,0.9933332800865173,0.7523098587989807,0.5114530920982361,-0.24184741079807281,0.990937352180481,0.7373740077018738,0.6067516207695007,-0.13168159127235413,0.9927154779434204,0.7334549427032471,0.5977604389190674,-0.1866772472858429,0.994314432144165,0.6779499650001526,0.5589576959609985,0.0378720723092556,0.9996774196624756,0.6405342221260071,0.4691947102546692,-0.2562349736690521,0.999809205532074,0.6178600192070007,0.7011507153511047,0.12155516445636749,0.07864219695329666,0.5251281261444092,0.6304947733879089,-0.35639312863349915,0.9901087880134583,0.6489126086235046,0.8575068116188049,0.06258303672075272,0.297605961561203,0.5558321475982666,0.8767795562744141,-0.42025667428970337,0.975985586643219,0.6739751696586609,0.8627334237098694,0.053212426602840424,0.3481772243976593,0.5765799283981323,0.9030793905258179,-0.47969579696655273,0.9575840830802917,0.6734208464622498,0.868274450302124,0.015167450532317162,0.37449273467063904,0.5935452580451965,0.8959286212921143,-0.45703601837158203,0.9578163027763367,0.6610761284828186,0.8661810755729675,0.04613703861832619,0.348591148853302,0.5888163447380066,0.8876960277557373,-0.415802925825119,0.915047287940979,0.4257339835166931,0.6907081007957458,0.09270226210355759,0.9997550249099731,0.3943624198436737,0.6391400694847107,-0.09295479208230972,0.9998525381088257,0.30373474955558777,0.7393030524253845,0.2935793697834015,0.0436689555644989,0.2696060240268707,0.7226699590682983,0.07650380581617355,0.3469766676425934,0.20316188037395477,0.7469095587730408,0.49740341305732727,0.10543476045131683,0.17340604960918427,0.7503739595413208,0.2820010781288147,0.5136659145355225,0.1825353503227234,0.7300123572349548,0.511640727519989,0.19705529510974884,0.15108363330364227,0.7351918816566467,0.30090609192848206,0.4265778362751007,0.19484029710292816,0.8364027142524719,0.440746933221817,0.2662840485572815,0.16300083696842194,0.8469392657279968,0.21381810307502747,0.5182638168334961,1
0.754324197769165,0.5879678726196289,-0.18190422654151917,0.9912378787994385,0.7687035202980042,0.5598275065422058,-0.16583152115345,0.9878414273262024,0.7690398693084717,0.5565968155860901,-0.16644670069217682,0.9871986508369446,0.7693418860435486,0.5534303188323975,-0.1664373278617859,0.9929896593093872,0.766296923160553,0.5544093251228333,-0.20506100356578827,0.992090106010437,0.764521062374115,0.5444367527961731,-0.20557235181331635,0.9937270879745483,0.7626156210899353,0.5340320467948914,-0.20579205453395844,0.9963371157646179,0.7536887526512146,0.5098564028739929,-0.0703289583325386,0.9938843846321106,0.748306155204773,0.48648801445961,-0.2457093894481659,0.9914761185646057,0.7361708879470825,0.5827842950820923,-0.137193962931633,0.9932599663734436,0.7311498522758484,0.574042797088623,-0.19157423079013824,0.9946774244308472,0.6743740439414978,0.5440083742141724,0.033001601696014404,0.9996966123580933,0.6366703510284424,0.45419803261756897,-0.2584591805934906,0.9998126029968262,0.619175374507904,0.6960851550102234,0.11009421199560165,0.09429518133401871,0.5256191492080688,0.6276017427444458,-0.3633074462413788,0.9906604290008545,0.6482650637626648,0.8550995588302612,0.04576041176915169,0.3349675238132477,0.5557927489280701,0.8742437958717346,-0.43011054396629333,0.9778220057487488,0.6734437346458435,0.8619943857192993,0.03630141168832779,0.3826122283935547,0.576599657535553,0.9026151299476624,-0.49020323157310486,0.9609587788581848,0.6733785271644592,0.8680915832519531,-0.002878051484003663,0.4093053638935089,0.5924928784370422,0.8956925272941589,-0.46797773241996765,0.9611645936965942,0.660480260848999,0.866174042224884,0.028834866359829903,0.38240569829940796,0.5879229307174683,0.887600302696228,-0.4259030222892761,0.9213642477989197,0.4254099130630493,0.6793966293334961,0.09318128228187561,0.9997677206993103,0.39285266399383545,0.6315094232559204,-0.093437060713768,0.9998573064804077,0.30308711528778076,0.732978105545044,0.29527607560157776,0.054305300116539,0.26960691809654236,0.7180713415145874,0.07757852226495743,0.3828681707382202,0.20230206847190857,0.7464000582695007,0.49222931265830994,0.1290636658668518,0.17231521010398865,0.7498135566711426,0.28126761317253113,0.5503553748130798,0.18017646670341492,0.729968786239624,0.5054233074188232,0.22438964247703552,0.1494828164577484,0.7352021336555481,0.29852521419525146,0.4602183699607849,0.19487550854682922,0.8362381458282471,0.4314514696598053,0.3040258586406708,0.16144268214702606,0.8469440937042236,0.2065092921257019,0.5537010431289673,1
0.7519761919975281,0.5703217387199402,-0.18436186015605927,0.9917348027229309,0.7661740779876709,0.540235698223114,-0.16804099082946777,0.9885808825492859,0.766744077205658,0.5372155904769897,-0.16865642368793488,0.9880221486091614,0.7672389149665833,0.5345146059989929,-0.16864584386348724,0.993428647518158,0.7638128995895386,0.5351293683052063,-0.20681068301200867,0.9925200343132019,0.7620507478713989,0.5256067514419556,-0.20732659101486206,0.9940890073776245,0.7597880959510803,0.5145003795623779,-0.20755334198474884,0.9965072870254517,0.751164972782135,0.4903329312801361,-0.0709223523736,0.9943204522132874,0.7444479465484619,0.46570655703544617,-0.2444772869348526,0.9918435215950012,0.7337657809257507,0.564751148223877,-0.13933239877223969,0.9936795234680176,0.7285233736038208,0.5547011494636536,-0.19316138327121735,0.9949336647987366,0.671880304813385,0.5344522595405579,0.03221522644162178,0.9997095465660095,0.6334859728813171,0.4381730854511261,-0.25889280438423157,0.9998151659965515,0.6223219633102417,0.6933327913284302,0.10742330551147461,0.10414315015077591,0.5271888375282288,0.6238523125648499,-0.36429861187934875,0.9911490082740784,0.6479597091674805,0.854916512966156,0.0447346493601799,0.3594379425048828,0.5563176274299622,0.873972475528717,-0.43431389331817627,0.979573667049408,0.6733728051185608,0.8618230819702148,0.035565003752708435,0.4052979052066803,0.5774164795875549,0.90262770652771,-0.4952552616596222,0.964137077331543,0.6736744046211243,0.8681103587150574,-0.002888102550059557,0.4326228201389313,0.5923992395401001,0.8954538106918335,-0.4735870957374573,0.9643145203590393,0.6603803038597107,0.8669523000717163,0.02813270129263401,0.4046967029571533,0.5881715416908264,0.8875448107719421,-0.43030673265457153,0.9273055195808411,0.425451397895813,0.67372065782547,0.09322194755077362,0.9997797608375549,0.39156660437583923,0.625617265701294,-0.0934797152876854,0.999862551689148,0.3031010031700134,0.7287908792495728,0.29779288172721863,0.062472403049468994,0.2696934640407562,0.7099984884262085,0.0823955312371254,0.41128504276275635,0.2024385631084442,0.7446714043617249,0.49724799394607544,0.1454983502626419,0.1725335717201233,0.7480365037918091,0.2815825641155243,0.5804126858711243,0.18055182695388794,0.7291638851165771,0.5111584663391113,0.24477525055408478,0.14949817955493927,0.7350329756736755,0.30018913745880127,0.4868696331977844,0.19475248456001282,0.8356546759605408,0.4406011402606964,0.3316987156867981,0.1611364185810089,0.8468968868255615,0.2111172378063202,0.5823285579681396,1
0.7484028935432434,0.5580300092697144,-0.18749865889549255,0.9923685193061829,0.7625126242637634,0.5295024514198303,-0.17172841727733612,0.9894611239433289,0.7630589604377747,0.5255041718482971,-0.17234863340854645,0.9889847040176392,0.7637007832527161,0.5223746299743652,-0.17232687771320343,0.9939408898353577,0.7599828839302063,0.5229219794273376,-0.20945508778095245,0.9930658340454102,0.7585766911506653,0.5151168704032898,-0.20995666086673737,0.9945417046546936,0.7564071416854858,0.5042434334754944,-0.21017391979694366,0.9967454075813293,0.7473745942115784,0.47708192467689514,-0.07500520348548889,0.9947881698608398,0.7407025694847107,0.45368388295173645,-0.24471886456012726,0.9923939108848572,0.7297021746635437,0.5514183640480042,-0.14245913922786713,0.9941412806510925,0.7247048020362854,0.5416890382766724,-0.19527529180049896,0.9952547550201416,0.670036256313324,0.5211147665977478,0.03118777833878994,0.9997244477272034,0.6282020807266235,0.4317430853843689,-0.26664412021636963,0.9998192191123962,0.626112699508667,0.6917256712913513,0.09375716745853424,0.11682628840208054,0.5284647941589355,0.6201494336128235,-0.3647591769695282,0.991671621799469,0.6477833390235901,0.8545591235160828,0.0277338158339262,0.38539737462997437,0.5562342405319214,0.874405562877655,-0.4258553385734558,0.9811806678771973,0.6735222339630127,0.8619881868362427,0.018415430560708046,0.42896419763565063,0.5777355432510376,0.9028762578964233,-0.4866639971733093,0.9670476913452148,0.673600971698761,0.8684656023979187,-0.021397951990365982,0.4570048451423645,0.5917818546295166,0.8954225182533264,-0.46473389863967896,0.9672194123268127,0.6595004200935364,0.8678801655769348,0.01063145138323307,0.4283682703971863,0.5881446599960327,0.8875465989112854,-0.4217981696128845,0.9328654408454895,0.42548468708992004,0.6636990904808044,0.09360651671886444,0.9997875094413757,0.3904859721660614,0.6206678152084351,-0.09386375546455383,0.9998652338981628,0.3031102418899536,0.7227987051010132,0.2990674376487732,0.0682782307267189,0.2697494328022003,0.7054044604301453,0.08712958544492722,0.43964043259620667,0.20329219102859497,0.7426146268844604,0.49997711181640625,0.15885138511657715,0.17244678735733032,0.747952401638031,0.2830231487751007,0.609376847743988,0.18081320822238922,0.7289440035820007,0.514312744140625,0.2646750807762146,0.14868146181106567,0.7357983589172363,0.3016037344932556,0.5144428610801697,0.19627141952514648,0.8355127573013306,0.4441196620464325,0.3577290177345276,0.16148941218852997,0.8542351722717285,0.20959369838237762,0.6103017330169678,1
0.7486639022827148,0.5469736456871033,-0.18962909281253815,0.9929484724998474,0.7626960873603821,0.5217705368995667,-0.17419984936714172,0.9902653098106384,0.7632389068603516,0.5175793766975403,-0.17482733726501465,0.9898670315742493,0.7637548446655273,0.5133577585220337,-0.17480076849460602,0.9944137930870056,0.7600619196891785,0.5161424279212952,-0.21234720945358276,0.9935639500617981,0.7584902048110962,0.5063139200210571,-0.2128344178199768,0.9949544668197632,0.7566908597946167,0.49635863304138184,-0.2130407691001892,0.9969618916511536,0.7472342252731323,0.4668244421482086,-0.07888143509626389,0.995221734046936,0.7408391237258911,0.4452238380908966,-0.2515343427658081,0.9928993582725525,0.7299787402153015,0.5401834845542908,-0.14503535628318787,0.9945855140686035,0.725020170211792,0.5331671237945557,-0.1984928548336029,0.9955684542655945,0.6700491309165955,0.5167238712310791,0.0291814673691988,0.9997406601905823,0.625887930393219,0.4255966544151306,-0.2760266959667206,0.9998235702514648,0.6279802322387695,0.6906723380088806,0.09000664204359055,0.13167019188404083,0.5290820598602295,0.610889732837677,-0.3689344823360443,0.9921491146087646,0.6476486325263977,0.8544945120811462,0.022290503606200218,0.4128127694129944,0.5555916428565979,0.8744149804115295,-0.42700475454330444,0.9826199412345886,0.6734840273857117,0.8624858260154724,0.012831652536988258,0.4533883035182953,0.5776079893112183,0.9032049775123596,-0.4883633553981781,0.9696576595306396,0.6735342741012573,0.8689013719558716,-0.027729326859116554,0.4820850193500519,0.5905267000198364,0.8954662084579468,-0.4669099450111389,0.9698297381401062,0.6591106057167053,0.8681966662406921,0.0048894635401666164,0.45289114117622375,0.5876695513725281,0.8876928091049194,-0.4231202304363251,0.9378389120101929,0.425515741109848,0.6591572761535645,0.09463810175657272,0.9997938275337219,0.38996371626853943,0.6183232665061951,-0.09489337354898453,0.9998663663864136,0.30291011929512024,0.7176117300987244,0.3036937415599823,0.07278900593519211,0.26992666721343994,0.7015435099601746,0.08909238874912262,0.46420639753341675,0.20346324145793915,0.7413034439086914,0.5037234425544739,0.16965928673744202,0.17242233455181122,0.7469151616096497,0.28553107380867004,0.6348966956138611,0.17957653105258942,0.7287951707839966,0.5175321698188782,0.28146111965179443,0.1483580321073532,0.7358016967773438,0.3027768135070801,0.5379524230957031,0.19630180299282074,0.8356066346168518,0.44773679971694946,0.38058188557624817,0.16161781549453735,0.8553625345230103,0.21118733286857605,0.6353269219398499,1
0.7488014101982117,0.540373682975769,-0.18905530869960785,0.9934355020523071,0.7627581357955933,0.5148810148239136,-0.17377181351184845,0.9909473061561584,0.7634461522102356,0.5115213394165039,-0.17439702153205872,0.9906191825866699,0.7640253305435181,0.5077109932899475,-0.17437505722045898,0.9948174953460693,0.7600545883178711,0.5112990140914917,-0.2126079648733139,0.9939858913421631,0.7584961652755737,0.5039569139480591,-0.21309812366962433,0.995305061340332,0.7565542459487915,0.4934782385826111,-0.21330709755420685,0.9971444010734558,0.7477598190307617,0.46310460567474365,-0.07946839183568954,0.9955990314483643,0.7408487796783447,0.44359636306762695,-0.254802405834198,0.9933298826217651,0.730259358882904,0.5348834991455078,-0.14506210386753082,0.9949854016304016,0.7251719832420349,0.5291469097137451,-0.1989818662405014,0.9958533644676208,0.6700796484947205,0.5082158446311951,0.02785347029566765,0.9997560977935791,0.6239632368087769,0.42355766892433167,-0.28222233057022095,0.999828577041626,0.6290655732154846,0.6879609823226929,0.09222008287906647,0.14478184282779694,0.5290136933326721,0.603979766368866,-0.37104353308677673,0.9926081299781799,0.6475527286529541,0.8537729978561401,0.021391160786151886,0.4389782249927521,0.5548592805862427,0.8743407130241394,-0.42401236295700073,0.9839979410171509,0.673400342464447,0.8626999855041504,0.011725186370313168,0.47652068734169006,0.5768864750862122,0.9038484692573547,-0.48491963744163513,0.9721042513847351,0.6734933257102966,0.8692815899848938,-0.029433486983180046,0.5056390166282654,0.5891779661178589,0.8959363102912903,-0.4642510414123535,0.9722691774368286,0.6589314937591553,0.868404746055603,0.0035576121881604195,0.4759419858455658,0.5864683985710144,0.8882263898849487,-0.42017459869384766,0.9425076246261597,0.4255790412425995,0.656904399394989,0.0958661213517189,0.999799370765686,0.38953325152397156,0.6163825988769531,-0.09612225741147995,0.9998669028282166,0.30271291732788086,0.7145041227340698,0.3110400140285492,0.07572278380393982,0.26993829011917114,0.6990064382553101,0.09082367271184921,0.4805162847042084,0.203423410654068,0.7400049567222595,0.5128877758979797,0.17490249872207642,0.17254947125911713,0.7446109056472778,0.295742928981781,0.6524755358695984,0.17907042801380157,0.7284517884254456,0.5267921090126038,0.2911597192287445,0.14836837351322174,0.7349236607551575,0.3128882646560669,0.5519502758979797,0.19459088146686554,0.8352396488189697,0.4523862302303314,0.3940875232219696,0.16136889159679413,0.8545264005661011,0.2173197716474533,0.6523096561431885,1
0.7482326626777649,0.5421112775802612,-0.1895940601825714,0.9939074516296387,0.7622965574264526,0.5171047449111938,-0.17443178594112396,0.9916075468063354,0.7628983855247498,0.5138920545578003,-0.1750618815422058,0.9913415312767029,0.7635583281517029,0.5106778144836426,-0.17503856122493744,0.9952065944671631,0.7594450116157532,0.5113334655761719,-0.21423013508319855,0.9943989515304565,0.7579231858253479,0.5052746534347534,-0.21470992267131805,0.995644211769104,0.7561546564102173,0.4975273907184601,-0.21491402387619019,0.9973243474960327,0.7479780912399292,0.4671388864517212,-0.08191856741905212,0.9959562420845032,0.7408548593521118,0.4482099115848541,-0.26242583990097046,0.9937582015991211,0.7298440933227539,0.5398926138877869,-0.14622430503368378,0.9953679442405701,0.725088894367218,0.5324358940124512,-0.20148387551307678,0.9961310029029846,0.6692163944244385,0.5127624273300171,0.021697014570236206,0.999770998954773,0.6238154172897339,0.4228503108024597,-0.28620797395706177,0.9998320937156677,0.6287493109703064,0.6861051321029663,0.08424712717533112,0.1614658385515213,0.5277844667434692,0.6020612716674805,-0.36938905715942383,0.9930158853530884,0.6479320526123047,0.8534926772117615,0.007846694439649582,0.4669485092163086,0.5543216466903687,0.8742556571960449,-0.4165492355823517,0.9851834774017334,0.6736771464347839,0.8626978397369385,-0.003206662368029356,0.501742422580719,0.5764716863632202,0.9042539000511169,-0.47607138752937317,0.9742384552955627,0.6744117736816406,0.869259238243103,-0.04396694153547287,0.5311055183410645,0.58831787109375,0.8957815170288086,-0.4562719166278839,0.9744051098823547,0.6592426300048828,0.8683547973632812,-0.009997103363275528,0.5013021230697632,0.5854097008705139,0.8880424499511719,-0.41291505098342896,0.9466010928153992,0.4258301556110382,0.6572474241256714,0.09595903754234314,0.9998036623001099,0.3895091712474823,0.6163706183433533,-0.09621284157037735,0.9998663067817688,0.30267080664634705,0.7142669558525085,0.3108498454093933,0.08088632673025131,0.2699952721595764,0.6981517672538757,0.09066462516784668,0.4999849498271942,0.2035360187292099,0.7380647659301758,0.5131410360336304,0.18406879901885986,0.17271247506141663,0.7422950863838196,0.297928124666214,0.6718717217445374,0.17916101217269897,0.7269795536994934,0.5271497964859009,0.30476996302604675,0.14850150048732758,0.7340543866157532,0.31515762209892273,0.5697201490402222,0.19382117688655853,0.8341338634490967,0.4533289074897766,0.41150882840156555,0.16133037209510803,0.8524032831192017,0.2184602916240692,0.6708725094795227,1
0.7483087182044983,0.5477362275123596,-0.19974181056022644,0.9942420125007629,0.7625530958175659,0.5229628086090088,-0.1845400184392929,0.9920724630355835,0.76303631067276,0.5201475024223328,-0.1851670742034912,0.9918692708015442,0.7635809183120728,0.5172589421272278,-0.1851484328508377,0.9954885244369507,0.7599015831947327,0.5183183550834656,-0.22538016736507416,0.9946840405464172,0.7583320140838623,0.5114569067955017,-0.22585797309875488,0.9958863258361816,0.7564635872840881,0.5034603476524353,-0.22607384622097015,0.9974433779716492,0.7484575510025024,0.4755549728870392,-0.0913788452744484,0.996228039264679,0.7410009503364563,0.4559824764728546,-0.2750568091869354,0.994033932685852,0.7295425534248352,0.5467818379402161,-0.15578457713127136,0.9956532120704651,0.7252970933914185,0.5405211448669434,-0.21225841343402863,0.9963193535804749,0.6682780385017395,0.5183835625648499,0.011775780469179153,0.9997818470001221,0.6238465905189514,0.42756888270378113,-0.2946832478046417,0.9998323917388916,0.6295117139816284,0.685093343257904,0.07659412920475006,0.16755002737045288,0.5262631773948669,0.6032978296279907,-0.37422069907188416,0.9932493567466736,0.6480845808982849,0.8534093499183655,-0.0016180207021534443,0.47955331206321716,0.5541597604751587,0.8741815686225891,-0.4197370707988739,0.9860662221908569,0.6736310720443726,0.862719714641571,-0.013573363423347473,0.5133453011512756,0.5753443837165833,0.9053560495376587,-0.4797566533088684,0.9758720993995667,0.6744244694709778,0.869189441204071,-0.05389488488435745,0.5437940955162048,0.5871039628982544,0.8959234952926636,-0.4610768258571625,0.9760590195655823,0.6594143509864807,0.8682981729507446,-0.019325250759720802,0.5132970213890076,0.583832323551178,0.8880863785743713,-0.4164714813232422,0.9495636224746704,0.4258352518081665,0.6597102284431458,0.09595321118831635,0.9998028874397278,0.38948822021484375,0.6183934807777405,-0.0962064117193222,0.9998617768287659,0.3023983836174011,0.7143166065216064,0.3111264109611511,0.0804610326886177,0.26993390917778015,0.6992874145507812,0.09375819563865662,0.5032996535301208,0.2030550092458725,0.7378538846969604,0.5151130557060242,0.1829606592655182,0.1727583259344101,0.7411707639694214,0.30853521823883057,0.679643452167511,0.17775925993919373,0.7269545197486877,0.5293744802474976,0.3049556016921997,0.1486717313528061,0.7329228520393372,0.32629701495170593,0.5727044939994812,0.19262291491031647,0.8341309428215027,0.4538170397281647,0.41437897086143494,0.1610698699951172,0.8511056303977966,0.22766338288784027,0.6789351105690002,1
0.748648464679718,0.5597852468490601,-0.2164730429649353,0.9944819808006287,0.7629231810569763,0.5354040861129761,-0.2008557766675949,0.9924266338348389,0.7634004354476929,0.5323031544685364,-0.20147575438022614,0.9922652840614319,0.7639304995536804,0.5292878746986389,-0.20146602392196655,0.995707094669342,0.7603082060813904,0.5297244787216187,-0.24117301404476166,0.9948951005935669,0.7587297558784485,0.5225312113761902,-0.24166007339954376,0.9960584044456482,0.7568497061729431,0.5142034888267517,-0.24189506471157074,0.9975262880325317,0.748751699924469,0.4857195317745209,-0.10445204377174377,0.9964351058006287,0.7414482831954956,0.4650849401950836,-0.28565549850463867,0.9941966533660889,0.7298227548599243,0.5579959154129028,-0.1710526943206787,0.995858907699585,0.7256410717964172,0.5506923198699951,-0.22681297361850739,0.9964389204978943,0.6683749556541443,0.5237108469009399,0.0013080399949103594,0.9997894167900085,0.6246163845062256,0.4343428313732147,-0.3013276755809784,0.9998302459716797,0.6294772624969482,0.6832958459854126,0.06892117857933044,0.16796380281448364,0.5245100855827332,0.603870689868927,-0.38663333654403687,0.9933649301528931,0.6486133933067322,0.8533548712730408,-0.008046608418226242,0.4833950996398926,0.5541701912879944,0.8742344379425049,-0.43773168325424194,0.9865871667861938,0.6743671894073486,0.8627212643623352,-0.02116510644555092,0.5171540975570679,0.5753340125083923,0.9057188034057617,-0.4979586601257324,0.9768201112747192,0.6750609874725342,0.8691811561584473,-0.05972949042916298,0.5487887263298035,0.5871188044548035,0.8959670066833496,-0.47920694947242737,0.9770322442054749,0.6598155498504639,0.8682819604873657,-0.025196729227900505,0.5175235867500305,0.5838546752929688,0.8881005048751831,-0.4344249665737152,0.950899600982666,0.42602822184562683,0.6620343923568726,0.09592784196138382,0.9998044967651367,0.389614075422287,0.6209545731544495,-0.09618153423070908,0.9998601078987122,0.30219003558158875,0.714026927947998,0.3162960112094879,0.07838334143161774,0.26920509338378906,0.7004180550575256,0.09780358523130417,0.4999827742576599,0.20286236703395844,0.7377945184707642,0.5285676121711731,0.17837312817573547,0.17260032892227173,0.74072265625,0.31317079067230225,0.680090069770813,0.17750026285648346,0.7267810106277466,0.5437395572662354,0.30015474557876587,0.14892679452896118,0.7312843799591064,0.33076369762420654,0.5665570497512817,0.19123145937919617,0.8333476185798645,0.4673070013523102,0.4094987213611603,0.16071797907352448,0.8438931703567505,0.22950264811515808,0.679435133934021,1
0.7507857084274292,0.5614606142044067,-0.21493640542030334,0.9946089386940002,0.7642238736152649,0.5382452011108398,-0.19936248660087585,0.9926303625106812,0.7643582224845886,0.5350824594497681,-0.19997477531433105,0.9924941658973694,0.7646058797836304,0.5327395796775818,-0.1999678611755371,0.9958412051200867,0.7622048854827881,0.5307153463363647,-0.23967726528644562,0.995018720626831,0.7608238458633423,0.526917576789856,-0.24017208814620972,0.996158242225647,0.7589525580406189,0.5180138349533081,-0.24041114747524261,0.9975770711898804,0.7503758072853088,0.4908885955810547,-0.10402883589267731,0.9965692758560181,0.7433385848999023,0.46865516901016235,-0.28536954522132874,0.9942805767059326,0.7307482957839966,0.5611577033996582,-0.16997912526130676,0.99602210521698,0.7276285290718079,0.5518114566802979,-0.22572213411331177,0.9965425133705139,0.6683330535888672,0.5268614888191223,0.0024002492427825928,0.9997959136962891,0.6252156496047974,0.43790099024772644,-0.30136728286743164,0.999832272529602,0.6291828155517578,0.6805873513221741,0.0755174458026886,0.16438381373882294,0.5212271809577942,0.607375979423523,-0.38427987694740295,0.9934854507446289,0.649553656578064,0.8532337546348572,0.004242394585162401,0.4824390709400177,0.5540868639945984,0.8746681213378906,-0.4342552125453949,0.9871506094932556,0.6758890748023987,0.8625515699386597,-0.008348243311047554,0.5171962976455688,0.5745181441307068,0.9068817496299744,-0.49373859167099,0.9777674674987793,0.676144540309906,0.8690578937530518,-0.047044914215803146,0.549849271774292,0.5871106386184692,0.8967217206954956,-0.4752766191959381,0.9779807329177856,0.6605406403541565,0.8682484030723572,-0.012940882705152035,0.5178607702255249,0.5838842391967773,0.888814389705658,-0.43081867694854736,0.9522475004196167,0.42604681849479675,0.6621635556221008,0.09598051756620407,0.9998053908348083,0.39003753662109375,0.622289776802063,-0.09623609483242035,0.9998592734336853,0.30168285965919495,0.7147700190544128,0.31966936588287354,0.07472938299179077,0.26868435740470886,0.7010478377342224,0.10021479427814484,0.48805347084999084,0.20111669600009918,0.7379051446914673,0.5366281270980835,0.16978931427001953,0.1717977374792099,0.7407739758491516,0.31587421894073486,0.6699908971786499,0.1761966347694397,0.7268404364585876,0.5522167086601257,0.28964436054229736,0.14882589876651764,0.7311461567878723,0.33338335156440735,0.5516250729560852,0.19081205129623413,0.8323588967323303,0.4773239493370056,0.3963630199432373,0.16057325899600983,0.8416418433189392,0.2307436466217041,0.6706242561340332,1
0.7526113390922546,0.5967699885368347,-0.21292546391487122,0.9945859313011169,0.7657279372215271,0.5702511072158813,-0.1986350119113922,0.9926564693450928,0.7656699419021606,0.5661650896072388,-0.19925186038017273,0.9925481677055359,0.7657639384269714,0.5622218251228333,-0.19926311075687408,0.9958893656730652,0.7637383937835693,0.5655415058135986,-0.23860259354114532,0.994998574256897,0.7620735168457031,0.5580540299415588,-0.23909808695316315,0.9961428642272949,0.7601016759872437,0.5477681159973145,-0.2393629401922226,0.9975542426109314,0.7529075741767883,0.5141120553016663,-0.10208462178707123,0.9966356158256531,0.7468888759613037,0.49453186988830566,-0.28253015875816345,0.9941821694374084,0.7316731214523315,0.5896259546279907,-0.1694863885641098,0.9961298108100891,0.7289013266563416,0.5821756720542908,-0.22555753588676453,0.9965883493423462,0.6681737303733826,0.5378637909889221,0.003842009464278817,0.999802827835083,0.6259697675704956,0.45672404766082764,-0.29815953969955444,0.999833345413208,0.6290537714958191,0.6816573739051819,0.07774579524993896,0.16399797797203064,0.5169000029563904,0.6194180846214294,-0.3812640905380249,0.9935032725334167,0.6503636240959167,0.8534568548202515,0.011727633886039257,0.4922649562358856,0.5532130002975464,0.875745952129364,-0.4283527433872223,0.9875168800354004,0.6779873371124268,0.8625562191009521,6.97895375196822e-05,0.5267325043678284,0.5730567574501038,0.9080012440681458,-0.48763883113861084,0.9783944487571716,0.6774328351020813,0.8690738677978516,-0.03868294507265091,0.559860110282898,0.5864633321762085,0.8974569439888,-0.4680989384651184,0.9786207675933838,0.6615408658981323,0.8683949112892151,-0.005352369975298643,0.5268781185150146,0.5833812355995178,0.8897303938865662,-0.42466026544570923,0.9530234336853027,0.4260593354701996,0.6708681583404541,0.09588589519262314,0.9998075366020203,0.390585720539093,0.62991863489151,-0.09614583849906921,0.9998586177825928,0.3001171350479126,0.7165683507919312,0.3191610276699066,0.07161185890436172,0.2680624723434448,0.7024029493331909,0.0993531122803688,0.47472453117370605,0.19944943487644196,0.7389767169952393,0.5377131104469299,0.16182126104831696,0.1711380034685135,0.7421318292617798,0.3135761618614197,0.6580097675323486,0.17409487068653107,0.727606475353241,0.5536283254623413,0.28001630306243896,0.148543119430542,0.7318190932273865,0.3311128616333008,0.5369117856025696,0.19077178835868835,0.8327213525772095,0.4819125533103943,0.3830912113189697,0.16027161478996277,0.8435977697372437,0.23055823147296906,0.6597973704338074,1
0.7536475658416748,0.6401526927947998,-0.19203665852546692,0.9942132234573364,0.7669078707695007,0.6148701310157776,-0.17862646281719208,0.9922473430633545,0.7667396068572998,0.61011803150177,-0.1792372167110443,0.9921730756759644,0.766722559928894,0.6052931547164917,-0.17924462258815765,0.9957186579704285,0.7651922106742859,0.6102360486984253,-0.21822485327720642,0.9946748614311218,0.7635681629180908,0.6011387705802917,-0.21872060000896454,0.9958904385566711,0.7617672085762024,0.5907275080680847,-0.21899893879890442,0.9973875880241394,0.7561463117599487,0.5568570494651794,-0.09304583817720413,0.9965440630912781,0.7512425780296326,0.5388839244842529,-0.27206286787986755,0.9937734603881836,0.7319123148918152,0.6257882714271545,-0.15177541971206665,0.9961205720901489,0.7292373776435852,0.6191771626472473,-0.20695847272872925,0.996527373790741,0.6691270470619202,0.5611087679862976,0.01109248399734497,0.9998106360435486,0.6299646496772766,0.482553094625473,-0.29157277941703796,0.9998360276222229,0.629310667514801,0.6902511715888977,0.10345161706209183,0.15965977311134338,0.5125855207443237,0.628687858581543,-0.3741603195667267,0.9933276772499084,0.6520357131958008,0.8540138006210327,0.044716570526361465,0.49373969435691833,0.5522232055664062,0.8763903975486755,-0.4177929162979126,0.9874617457389832,0.6799678206443787,0.8628385663032532,0.03460397198796272,0.5286772847175598,0.5727677941322327,0.9079184532165527,-0.47215405106544495,0.978300929069519,0.6782835125923157,0.8690749406814575,-0.0018998972373083234,0.5619738698005676,0.5847432613372803,0.8974301218986511,-0.454103022813797,0.9785467386245728,0.6622392535209656,0.8684173822402954,0.02878853864967823,0.5276316404342651,0.5813723802566528,0.8897664546966553,-0.41350507736206055,0.9520635008811951,0.42619332671165466,0.6874333024024963,0.09593700617551804,0.9998089671134949,0.39172041416168213,0.6406837105751038,-0.09620405733585358,0.9998574256896973,0.30009812116622925,0.719974935054779,0.3229462206363678,0.06779513508081436,0.26796552538871765,0.7065222859382629,0.09875299036502838,0.4574442505836487,0.1997843086719513,0.7392711043357849,0.5442484617233276,0.15382274985313416,0.17120017111301422,0.7427588105201721,0.3130432963371277,0.6439836621284485,0.17472974956035614,0.7276683449745178,0.560261607170105,0.26968666911125183,0.14884045720100403,0.7324745655059814,0.3305057883262634,0.5217856764793396,0.190896138548851,0.8326534032821655,0.488129198551178,0.3687032163143158,0.16029682755470276,0.8436527252197266,0.22816871106624603,0.6475059390068054,1
0.7562984824180603,0.6814079284667969,-0.19303682446479797,0.9940425753593445,0.7694240808486938,0.6569084525108337,-0.17890818417072296,0.9920666813850403,0.7690191864967346,0.6521304249763489,-0.1795266568660736,0.9920451045036316,0.768794596195221,0.6469654440879822,-0.17952939867973328,0.9956477880477905,0.7682097554206848,0.6538636088371277,-0.21884915232658386,0.9945512413978577,0.7668083906173706,0.6466960906982422,-0.21934404969215393,0.9958188533782959,0.7653289437294006,0.6380483508110046,-0.21961136162281036,0.9973343014717102,0.7590027451515198,0.5989072322845459,-0.09915022552013397,0.996555507183075,0.7550694346427917,0.5865940451622009,-0.273860901594162,0.9937291741371155,0.7341485619544983,0.6664486527442932,-0.15194085240364075,0.9961902499198914,0.7318903803825378,0.6609561443328857,-0.2072453796863556,0.9965731501579285,0.6713473200798035,0.5823090076446533,5.086110468255356e-05,0.9998190999031067,0.634544312953949,0.5164006948471069,-0.2875611484050751,0.9998428225517273,0.6292383670806885,0.695563793182373,0.10896174609661102,0.1535693258047104,0.5109951496124268,0.636519193649292,-0.36817044019699097,0.9933902025222778,0.6529667973518372,0.8541128635406494,0.0865027904510498,0.4931168258190155,0.5518295168876648,0.8783602118492126,-0.41691726446151733,0.9878798723220825,0.6808853149414062,0.8626066446304321,0.07974834740161896,0.5310535430908203,0.5727802515029907,0.907959520816803,-0.4687190353870392,0.9790773391723633,0.6789907217025757,0.8690504431724548,0.041826821863651276,0.5648283958435059,0.5843492150306702,0.8978886008262634,-0.45104244351387024,0.9793251752853394,0.6629191637039185,0.8684619069099426,0.0708702951669693,0.5299937129020691,0.5812064409255981,0.8906780481338501,-0.4125896096229553,0.9532864689826965,0.42645564675331116,0.6997923254966736,0.0938161164522171,0.9998136162757874,0.3928593397140503,0.654086709022522,-0.0940922424197197,0.999860942363739,0.30009064078330994,0.7255875468254089,0.3091414272785187,0.0659906342625618,0.2680451273918152,0.7139420509338379,0.09663832932710648,0.4571090340614319,0.19931769371032715,0.7405954599380493,0.5205888748168945,0.15164242684841156,0.17132170498371124,0.7431483864784241,0.2993631660938263,0.6484405994415283,0.17462708055973053,0.7278409004211426,0.535803496837616,0.2673678994178772,0.14948470890522003,0.7324829697608948,0.3163021206855774,0.5238235592842102,0.1898825466632843,0.8344115614891052,0.46519604325294495,0.36788204312324524,0.15889665484428406,0.8436949849128723,0.21788959205150604,0.6531168818473816,1
0.7594945430755615,0.7262765169143677,-0.20791682600975037,0.9927903413772583,0.774804413318634,0.701022207736969,-0.19716505706310272,0.9902181625366211,0.7743636965751648,0.6948774456977844,-0.19776280224323273,0.9903382062911987,0.774048388004303,0.6888425350189209,-0.1977810263633728,0.9946555495262146,0.7740572094917297,0.6972761154174805,-0.2353184074163437,0.9933726191520691,0.7729975581169128,0.6886720061302185,-0.23583629727363586,0.9950045943260193,0.7718511819839478,0.6796602606773376,-0.2361365258693695,0.9968222379684448,0.7634971141815186,0.6375890374183655,-0.11822769790887833,0.9959738850593567,0.7594114542007446,0.6245334148406982,-0.28827133774757385,0.9928944110870361,0.7388306856155396,0.7119292616844177,-0.16793879866600037,0.9957031011581421,0.7367532253265381,0.7037366628646851,-0.22069723904132843,0.9961732029914856,0.6776450872421265,0.6007354855537415,-0.019444027915596962,0.9998234510421753,0.6391604542732239,0.5448005199432373,-0.2876059114933014,0.9998490214347839,0.6260951161384583,0.6966859698295593,0.13526208698749542,0.14241649210453033,0.5118920803070068,0.6391341090202332,-0.3669000267982483,0.9931134581565857,0.6521878838539124,0.854251503944397,0.18374110758304596,0.47602975368499756,0.5517210364341736,0.8790585994720459,-0.41460466384887695,0.9881502985954285,0.6796560287475586,0.8619604110717773,0.18568140268325806,0.5198588967323303,0.5731698274612427,0.9065022468566895,-0.46374911069869995,0.979650616645813,0.6778692603111267,0.8690310716629028,0.1446113884449005,0.5543369650840759,0.584850549697876,0.8978891372680664,-0.4452655613422394,0.9798900485038757,0.6621333360671997,0.8685083985328674,0.1685425192117691,0.5199464559555054,0.581354022026062,0.8907912373542786,-0.4099079966545105,0.9541642069816589,0.4280124604701996,0.714306652545929,0.09073921293020248,0.9998135566711426,0.3941904604434967,0.6693349480628967,-0.09101071208715439,0.9998630881309509,0.3022664487361908,0.7314609885215759,0.3038107752799988,0.0612577348947525,0.2680503726005554,0.7216652035713196,0.0935564711689949,0.43864408135414124,0.20602770149707794,0.7401406764984131,0.5209693312644958,0.14204926788806915,0.17186470329761505,0.7431610226631165,0.29927363991737366,0.6336491703987122,0.18439128994941711,0.7249071002006531,0.5359774231910706,0.25368598103523254,0.15123170614242554,0.7313848733901978,0.3165763318538666,0.5110755562782288,0.1922493278980255,0.8303694725036621,0.4767456650733948,0.34943461418151855,0.15880897641181946,0.8420559763908386,0.22650034725666046,0.6392611861228943,1
0.760010302066803,0.7608946561813354,-0.2073385864496231,0.9922975301742554,0.7763766050338745,0.7387999296188354,-0.1957254558801651,0.9894216656684875,0.7761940360069275,0.7328431010246277,-0.1963244378566742,0.9896233677864075,0.7760193943977356,0.7260022759437561,-0.1963363140821457,0.9941816926002502,0.7758506536483765,0.7367368340492249,-0.2341284155845642,0.9928902983665466,0.7750884890556335,0.7282993793487549,-0.23464342951774597,0.9946929812431335,0.7741212248802185,0.7178817391395569,-0.23493124544620514,0.9966168999671936,0.76566082239151,0.6700021028518677,-0.11495796591043472,0.9956873059272766,0.7615237832069397,0.658426821231842,-0.2858801782131195,0.992636501789093,0.7405175566673279,0.7456871867179871,-0.16660554707050323,0.9954205751419067,0.739180326461792,0.7399521470069885,-0.21978899836540222,0.9959781765937805,0.6827211976051331,0.6243661642074585,-0.01561310701072216,0.9998272657394409,0.6449845433235168,0.5814877152442932,-0.2812286913394928,0.9998563528060913,0.6178629398345947,0.6962364912033081,0.15239770710468292,0.13071927428245544,0.5122039914131165,0.6399916410446167,-0.3509589433670044,0.99261075258255,0.6480299830436707,0.8523637652397156,0.20980817079544067,0.4573751986026764,0.5517231822013855,0.8790218830108643,-0.37962260842323303,0.9885001182556152,0.6754055023193359,0.8609219193458557,0.21362337470054626,0.5101622939109802,0.5730017423629761,0.9062347412109375,-0.42421409487724304,0.9804202914237976,0.673806369304657,0.8685685396194458,0.1735609620809555,0.545375406742096,0.5850950479507446,0.8975675106048584,-0.40494489669799805,0.9806399941444397,0.6591542363166809,0.8683422207832336,0.1952640861272812,0.5109105110168457,0.5814660787582397,0.8903018832206726,-0.37420418858528137,0.9557237029075623,0.42829880118370056,0.722236692905426,0.08941338211297989,0.9998071789741516,0.39544445276260376,0.683647632598877,-0.08971249312162399,0.9998622536659241,0.3050467371940613,0.7361782789230347,0.3029267489910126,0.056590575724840164,0.26802974939346313,0.7316678166389465,0.09251434355974197,0.4169333875179291,0.21535611152648926,0.740290641784668,0.5207525491714478,0.13275471329689026,0.1732461005449295,0.7432658076286316,0.2993898093700409,0.6160666346549988,0.19480206072330475,0.7241131663322449,0.5363171100616455,0.24123679101467133,0.15387177467346191,0.7307504415512085,0.3172869086265564,0.49915704131126404,0.1974857896566391,0.8259221911430359,0.4872407615184784,0.33135586977005005,0.15891988575458527,0.840515673160553,0.24181506037712097,0.6228793859481812,1
0.7617281079292297,0.7884491682052612,-0.20257054269313812,0.9910280704498291,0.7803469896316528,0.7666168808937073,-0.1939769834280014,0.9874477982521057,0.7801650762557983,0.7601878643035889,-0.19454197585582733,0.9873321056365967,0.7799230217933655,0.7533562183380127,-0.19454151391983032,0.9929863810539246,0.7795040011405945,0.7652469277381897,-0.22970733046531677,0.9916746020317078,0.7786723971366882,0.7570685148239136,-0.23023277521133423,0.9936773777008057,0.7777896523475647,0.7478762865066528,-0.23051102459430695,0.9961156249046326,0.7682629227638245,0.6999405026435852,-0.11405352503061295,0.9944512248039246,0.7648234963417053,0.6911413073539734,-0.28060051798820496,0.9915300011634827,0.7427483201026917,0.775188684463501,-0.1645248979330063,0.9944261908531189,0.742042601108551,0.7730104327201843,-0.21379514038562775,0.9952751398086548,0.6858206987380981,0.6455090641975403,-0.01446166168898344,0.9998117089271545,0.6534559726715088,0.6102456450462341,-0.271016001701355,0.9998577237129211,0.6109705567359924,0.6958346366882324,0.14347872138023376,0.11900568753480911,0.5139176845550537,0.638862133026123,-0.2985461354255676,0.9923619627952576,0.6430551409721375,0.8519942760467529,0.1811344474554062,0.4242478907108307,0.5513060688972473,0.8767291307449341,-0.2657358944416046,0.9879640936851501,0.669377863407135,0.861619770526886,0.18064723908901215,0.4784885048866272,0.5722810626029968,0.9055976867675781,-0.30144673585891724,0.979080855846405,0.6680622100830078,0.8693804740905762,0.14325711131095886,0.5122931003570557,0.5849345326423645,0.8971374034881592,-0.2866177260875702,0.9792969822883606,0.6548184156417847,0.8690274357795715,0.16695664823055267,0.4787994921207428,0.5811659097671509,0.8894416093826294,-0.2606326937675476,0.9526302218437195,0.42859190702438354,0.7288105487823486,0.08843450248241425,0.9997961521148682,0.39685848355293274,0.6979672908782959,-0.08874409645795822,0.9998608231544495,0.3061893880367279,0.7401680946350098,0.29818180203437805,0.05147844925522804,0.2680768668651581,0.7393544316291809,0.08588636666536331,0.38643717765808105,0.216156005859375,0.74152672290802,0.5201151371002197,0.12096364051103592,0.17325693368911743,0.7442763447761536,0.29413244128227234,0.5748613476753235,0.19669103622436523,0.7246055603027344,0.5364696383476257,0.22294121980667114,0.1540917605161667,0.7311025261878967,0.313387393951416,0.47027695178985596,0.20148472487926483,0.8261398077011108,0.49382850527763367,0.3034766614437103,0.1627555638551712,0.8405787348747253,0.24085287749767303,0.5822349786758423,1
0.7648839354515076,0.8165674805641174,-0.20059487223625183,0.9881320595741272,0.7837139964103699,0.7970728278160095,-0.19381050765514374,0.9828652739524841,0.7836493849754333,0.7904903292655945,-0.19434496760368347,0.9820313453674316,0.7835537791252136,0.7838369011878967,-0.1943366676568985,0.9901182651519775,0.7827610373497009,0.7947416305541992,-0.22792595624923706,0.9888595938682556,0.7819811105728149,0.7866554260253906,-0.22846736013889313,0.9913601875305176,0.7812934517860413,0.7786734104156494,-0.22874325513839722,0.9949702024459839,0.7716261744499207,0.7330065965652466,-0.11458316445350647,0.9915341734886169,0.7684574127197266,0.7264631986618042,-0.27689048647880554,0.9891852140426636,0.7453317046165466,0.802955150604248,-0.16341446340084076,0.9920290112495422,0.7452217936515808,0.801927387714386,-0.2105380743741989,0.9937354326248169,0.689716637134552,0.663239061832428,-0.014545238576829433,0.9997616410255432,0.6620239615440369,0.6353796124458313,-0.2625068724155426,0.9998508095741272,0.6044658422470093,0.6819404363632202,0.13755697011947632,0.10775995254516602,0.5191447734832764,0.6381581425666809,-0.26927539706230164,0.9914360046386719,0.6410596370697021,0.8467304110527039,0.14930275082588196,0.387352854013443,0.5513086318969727,0.8708636164665222,-0.212172269821167,0.9856513142585754,0.6673316955566406,0.8612877130508423,0.1448381096124649,0.4408092796802521,0.5708334445953369,0.9050677418708801,-0.24317805469036102,0.9746103882789612,0.6662178635597229,0.8693090081214905,0.10908780246973038,0.472388356924057,0.5850488543510437,0.8960591554641724,-0.23031510412693024,0.9748732447624207,0.6532191634178162,0.8676730394363403,0.13510306179523468,0.44078630208969116,0.5813755393028259,0.8865684270858765,-0.20713210105895996,0.9437215924263,0.4303780794143677,0.7345117926597595,0.08686712384223938,0.999770998954773,0.39942121505737305,0.711601972579956,-0.08720330893993378,0.999854326248169,0.3073875308036804,0.7443663477897644,0.2872281074523926,0.04667805880308151,0.26818421483039856,0.746323823928833,0.07608433067798615,0.3554447293281555,0.21832206845283508,0.742588996887207,0.5122707486152649,0.10977765172719955,0.1729690283536911,0.745795488357544,0.2885677218437195,0.5306731462478638,0.2002646028995514,0.7264041304588318,0.530513346195221,0.2047351747751236,0.1544874608516693,0.732768177986145,0.3091607689857483,0.4384053349494934,0.20331545174121857,0.8255746364593506,0.4921836853027344,0.27631813287734985,0.16336898505687714,0.8403123617172241,0.24181164801120758,0.5377936363220215,1
0.7670173645019531,0.8405219912528992,-0.19718186557292938,0.9871965050697327,0.7860362529754639,0.8194760680198669,-0.19038428366184235,0.9815453886985779,0.7863122820854187,0.8140177130699158,-0.19089838862419128,0.9803345799446106,0.7866359353065491,0.8081746101379395,-0.19087089598178864,0.9892741441726685,0.7846260070800781,0.8178683519363403,-0.22477981448173523,0.98807293176651,0.7839259505271912,0.8116887211799622,-0.22532762587070465,0.9906333088874817,0.7832629084587097,0.8047149181365967,-0.2255788892507553,0.9946593642234802,0.7741368412971497,0.7589899301528931,-0.113651804625988,0.9904624819755554,0.7701151967048645,0.7535716891288757,-0.2720934748649597,0.9883720874786377,0.7468916773796082,0.8247520327568054,-0.158303901553154,0.9909554719924927,0.7468338012695312,0.8245310187339783,-0.20609301328659058,0.993092954158783,0.690995454788208,0.679649293422699,-0.012666807509958744,0.9997191429138184,0.6637728214263916,0.6614499092102051,-0.2548377215862274,0.9998412728309631,0.5967232584953308,0.6706986427307129,0.13308154046535492,0.09749283641576767,0.5217416286468506,0.636096715927124,-0.25132811069488525,0.9898712038993835,0.6370086669921875,0.8448524475097656,0.1367822289466858,0.35232827067375183,0.5517123341560364,0.8690699934959412,-0.18091879785060883,0.9790448546409607,0.6635564565658569,0.8563166260719299,0.13663172721862793,0.40389207005500793,0.5718828439712524,0.9036106467247009,-0.20847763121128082,0.9630735516548157,0.6635459065437317,0.8665850162506104,0.09456060081720352,0.4331315755844116,0.5875293016433716,0.8954945802688599,-0.19666437804698944,0.9634732604026794,0.6512096524238586,0.864504873752594,0.1214604303240776,0.40361472964286804,0.5829461812973022,0.8856529593467712,-0.17563609778881073,0.923337459564209,0.43036091327667236,0.7402998208999634,0.08655030280351639,0.9997485280036926,0.39946043491363525,0.7235771417617798,-0.0869002565741539,0.9998480081558228,0.3073221743106842,0.7508231401443481,0.2852586805820465,0.04232959821820259,0.26828569173812866,0.7507020831108093,0.07488980889320374,0.32571080327033997,0.21762675046920776,0.744567334651947,0.5114492774009705,0.09955811500549316,0.1707875281572342,0.7479267716407776,0.2856486439704895,0.48755595088005066,0.19956685602664948,0.7293505072593689,0.5301861763000488,0.18841813504695892,0.15373076498508453,0.7360368371009827,0.3062645196914673,0.4066663384437561,0.20468035340309143,0.8260089755058289,0.4925726354122162,0.25156116485595703,0.16540385782718658,0.840021014213562,0.2405276894569397,0.4950709640979767,1
0.767571747303009,0.8597951531410217,-0.19810816645622253,0.9865353107452393,0.7855750322341919,0.8411456346511841,-0.19104568660259247,0.9807248115539551,0.7860584259033203,0.8362398743629456,-0.191559299826622,0.9791796207427979,0.7866167426109314,0.8309696316719055,-0.1915210634469986,0.9886152744293213,0.7840370535850525,0.8400086760520935,-0.22657014429569244,0.9877048134803772,0.7833947539329529,0.8343683481216431,-0.22711797058582306,0.990298330783844,0.7827397584915161,0.8281874060630798,-0.22736221551895142,0.9945627450942993,0.7749878168106079,0.7823396921157837,-0.11334039270877838,0.9896518588066101,0.7701459527015686,0.7770401835441589,-0.2758372724056244,0.9881747364997864,0.7477903962135315,0.844473123550415,-0.15860062837600708,0.9901732206344604,0.7478783130645752,0.8441073298454285,-0.20709167420864105,0.9927435517311096,0.6953518390655518,0.6991796493530273,-0.011711033061146736,0.9996610283851624,0.6659606695175171,0.6870055794715881,-0.2572643756866455,0.9998335838317871,0.5883208513259888,0.6625266075134277,0.12150856107473373,0.08806415647268295,0.5229499936103821,0.6360068321228027,-0.2608925700187683,0.9883953928947449,0.6302445530891418,0.8449455499649048,0.10057739913463593,0.3189060688018799,0.5531225204467773,0.8692353963851929,-0.1768747717142105,0.9729375243186951,0.6528743505477905,0.8564698696136475,0.09016665071249008,0.3673985004425049,0.5753541588783264,0.903706967830658,-0.20394545793533325,0.9521795511245728,0.6567827463150024,0.8664730787277222,0.05934523418545723,0.3941534161567688,0.5904556512832642,0.8961659669876099,-0.19055761396884918,0.9526107311248779,0.647051215171814,0.863886833190918,0.08727667480707169,0.367112398147583,0.5843507647514343,0.8859779834747314,-0.17039746046066284,0.9040424227714539,0.43038198351860046,0.7465308308601379,0.08703626692295074,0.9997177720069885,0.3994902968406677,0.7334688901901245,-0.08740969002246857,0.9998407363891602,0.30834707617759705,0.7590065598487854,0.30264848470687866,0.03843049705028534,0.2692929804325104,0.7547551393508911,0.07834270596504211,0.29981529712677,0.22890867292881012,0.7451387643814087,0.5548505187034607,0.09033287316560745,0.17151767015457153,0.7494372129440308,0.30384042859077454,0.4488755464553833,0.20841483771800995,0.7314759492874146,0.5770083069801331,0.17371241748332977,0.15369640290737152,0.737484872341156,0.3268029987812042,0.3780055642127991,0.21155741810798645,0.8263484835624695,0.5455567836761475,0.22909270226955414,0.165725976228714,0.841067910194397,0.2637988328933716,0.4564346671104431,1
0.7699151635169983,0.8750148415565491,-0.2346613109111786,0.9869088530540466,0.785722553730011,0.8552261590957642,-0.22614741325378418,0.9812570214271545,0.7864059209823608,0.8506760001182556,-0.22667479515075684,0.9796728491783142,0.7871871590614319,0.8457581996917725,-0.22662559151649475,0.9888780117034912,0.7839060425758362,0.8532980680465698,-0.2646348178386688,0.9881135821342468,0.7832276821136475,0.8474326729774475,-0.2651861608028412,0.9905965328216553,0.7824729681015015,0.8403461575508118,-0.2654340863227844,0.9947623014450073,0.7756688594818115,0.7959517240524292,-0.14175745844841003,0.989804744720459,0.7701546549797058,0.7882996201515198,-0.3135402500629425,0.9885808825492859,0.7502428293228149,0.8588181138038635,-0.19092577695846558,0.990245521068573,0.7501867413520813,0.8583947420120239,-0.2434919774532318,0.9928566813468933,0.7018520832061768,0.7130089998245239,-0.029196394607424736,0.9996407628059387,0.6656643152236938,0.6941487193107605,-0.29206904768943787,0.9998323917388916,0.5921734571456909,0.6641393899917603,0.10331786423921585,0.07976929843425751,0.5237159132957458,0.6326039433479309,-0.27207666635513306,0.9879960417747498,0.6242378354072571,0.8489442467689514,0.08642764389514923,0.28911662101745605,0.5535822510719299,0.8692734837532043,-0.17168068885803223,0.9680741429328918,0.6470049619674683,0.8605024814605713,0.07439393550157547,0.33488279581069946,0.5754283666610718,0.9033738374710083,-0.19750376045703888,0.9426642656326294,0.6532899737358093,0.8684912323951721,0.043300561606884,0.35951176285743713,0.5906098484992981,0.8962433338165283,-0.18649964034557343,0.9431809782981873,0.6441959738731384,0.8660774827003479,0.07285772264003754,0.3347659111022949,0.5844730734825134,0.8861382603645325,-0.1658787876367569,0.887664794921875,0.43257302045822144,0.7576605677604675,0.08913026005029678,0.9997137784957886,0.40168580412864685,0.7395172715187073,-0.08947699517011642,0.9998428225517273,0.30817243456840515,0.7645427584648132,0.3110831081867218,0.03525072708725929,0.2693171799182892,0.7589588165283203,0.07896183431148529,0.285668283700943,0.22740697860717773,0.7463613152503967,0.5699093341827393,0.08280866593122482,0.17128749191761017,0.7515242695808411,0.32578426599502563,0.4237441420555115,0.20552697777748108,0.7333769798278809,0.5925900936126709,0.16278374195098877,0.15248967707157135,0.7388403415679932,0.3510955572128296,0.35822564363479614,0.2087794691324234,0.832231879234314,0.5574224591255188,0.2113153487443924,0.16626344621181488,0.8435283303260803,0.2872328460216522,0.4301926791667938,1
0.7713258266448975,0.8873002529144287,-0.25614529848098755,0.9865389466285706,0.7860422730445862,0.865009605884552,-0.24790599942207336,0.9806081056594849,0.7867452502250671,0.8601795434951782,-0.24844518303871155,0.9789211750030518,0.7874971032142639,0.8540961742401123,-0.24840722978115082,0.9884658455848694,0.7842580080032349,0.8633704781532288,-0.2867068946361542,0.9878097176551819,0.7835968136787415,0.8572904467582703,-0.28726664185523987,0.990327775478363,0.782748818397522,0.8488779067993164,-0.28752851486206055,0.9946687817573547,0.7755586504936218,0.802264928817749,-0.16346748173236847,0.9893301725387573,0.7702938318252563,0.7949098348617554,-0.3361469507217407,0.9883754253387451,0.7518937587738037,0.8705533146858215,-0.21205997467041016,0.9897654056549072,0.7514309287071228,0.8699371814727783,-0.2651650011539459,0.992613673210144,0.703076958656311,0.7187069058418274,-0.04857776686549187,0.999613881111145,0.6644148230552673,0.694101870059967,-0.31259235739707947,0.9998275637626648,0.5918487906455994,0.6609925627708435,0.08938466012477875,0.07229886949062347,0.5241912007331848,0.622282087802887,-0.2813701629638672,0.9874942898750305,0.6220880746841431,0.8544848561286926,0.08115733414888382,0.26216965913772583,0.5536009669303894,0.8687790036201477,-0.180256187915802,0.9624038934707642,0.644554853439331,0.8666110634803772,0.06920736283063889,0.30530330538749695,0.5762192010879517,0.902842104434967,-0.20595994591712952,0.9314423203468323,0.6515989303588867,0.873968780040741,0.037793923169374466,0.3280150294303894,0.5908364653587341,0.8961768746376038,-0.19393298029899597,0.9321033954620361,0.6425997018814087,0.8721751570701599,0.06762459129095078,0.30539482831954956,0.5845900774002075,0.8861538171768188,-0.17392335832118988,0.8689542412757874,0.43352288007736206,0.7647863626480103,0.09027495980262756,0.9996979236602783,0.4028552174568176,0.7431614995002747,-0.09060252457857132,0.9998394846916199,0.3091731369495392,0.7670580744743347,0.3182968199253082,0.0322069376707077,0.2697625160217285,0.759292721748352,0.08243687450885773,0.26916980743408203,0.22514669597148895,0.7482708692550659,0.5773569345474243,0.07568426430225372,0.17151440680027008,0.7525069713592529,0.3410366177558899,0.3964546024799347,0.20331338047981262,0.7360779643058777,0.5999959707260132,0.15143725275993347,0.1524835228919983,0.7403541803359985,0.36739596724510193,0.33632251620292664,0.20900610089302063,0.83259516954422,0.560359537601471,0.1941690891981125,0.16746483743190765,0.8451947569847107,0.30105170607566833,0.4018794298171997,1
0.7716891169548035,0.8860129714012146,-0.24157656729221344,0.9852499961853027,0.7863650918006897,0.8644115924835205,-0.23307833075523376,0.9785634875297546,0.7869455218315125,0.8577142953872681,-0.23363129794597626,0.9768588542938232,0.7875232696533203,0.8512884974479675,-0.23359982669353485,0.9873117804527283,0.7847740650177002,0.862426221370697,-0.27156752347946167,0.9865383505821228,0.7841827273368835,0.8543787598609924,-0.27212396264076233,0.9893320202827454,0.783347487449646,0.8459457755088806,-0.2723838984966278,0.9941661357879639,0.7763481140136719,0.8000526428222656,-0.1512180119752884,0.988334059715271,0.7715950012207031,0.7910707592964172,-0.32271185517311096,0.9874404668807983,0.7518238425254822,0.8609032034873962,-0.19865302741527557,0.988865852355957,0.7513988614082336,0.8597971200942993,-0.25139543414115906,0.9920294880867004,0.7043638825416565,0.7184704542160034,-0.041178856045007706,0.999594509601593,0.6648961901664734,0.6915040016174316,-0.3038622736930847,0.9998224377632141,0.5936174988746643,0.6611281633377075,0.09188862890005112,0.06578770279884338,0.525253415107727,0.6189860701560974,-0.2706140875816345,0.9871096014976501,0.6198460459709167,0.8564186096191406,0.09908507019281387,0.23886771500110626,0.5536082983016968,0.8650588989257812,-0.16624097526073456,0.9580101370811462,0.6424047350883484,0.8693691492080688,0.08760423213243484,0.28027796745300293,0.5735250115394592,0.8992963433265686,-0.19049261510372162,0.923196017742157,0.6503779888153076,0.8768923878669739,0.05658646300435066,0.3014809191226959,0.5889711976051331,0.8945242762565613,-0.17798693478107452,0.9239484667778015,0.6409016251564026,0.8752972483634949,0.085964135825634,0.280631422996521,0.5835553407669067,0.885473906993866,-0.1596478819847107,0.8550935983657837,0.4336085319519043,0.7657266855239868,0.09038420021533966,0.9996868968009949,0.4031302034854889,0.7428354024887085,-0.09070715308189392,0.9998365044593811,0.3092708885669708,0.7678730487823486,0.31715983152389526,0.029702067375183105,0.2703864872455597,0.7580506205558777,0.08358190953731537,0.2574242055416107,0.22456781566143036,0.749535322189331,0.5646511316299438,0.06976398080587387,0.17328691482543945,0.7526938319206238,0.33401933312416077,0.37662655115127563,0.20171096920967102,0.7381273508071899,0.58553546667099,0.14263196289539337,0.15252453088760376,0.7408583760261536,0.35884279012680054,0.32055965065956116,0.2082817405462265,0.8331587910652161,0.5424818396568298,0.1802687793970108,0.16704770922660828,0.8478021621704102,0.28950878977775574,0.38083332777023315,1
0.7714293599128723,0.8687793612480164,-0.2363792508840561,0.9833797812461853,0.7862411141395569,0.8484525680541992,-0.22724096477031708,0.975627601146698,0.7867691516876221,0.8420251607894897,-0.22778891026973724,0.9739061594009399,0.7872694134712219,0.8360510468482971,-0.22775793075561523,0.9857484102249146,0.7846865057945251,0.8469952940940857,-0.2649194896221161,0.9845641851425171,0.7840643525123596,0.8391134142875671,-0.26546332240104675,0.9877098202705383,0.7831819653511047,0.830832839012146,-0.26572185754776,0.9932991862297058,0.7760774493217468,0.7840539813041687,-0.14579957723617554,0.9868437051773071,0.771111249923706,0.7737671732902527,-0.31478351354599,0.9856621026992798,0.7513870596885681,0.8497918844223022,-0.19434435665607452,0.9875956177711487,0.7508556246757507,0.848886251449585,-0.24599352478981018,0.991043746471405,0.703251838684082,0.7074762582778931,-0.03563132509589195,0.9995793104171753,0.6644344925880432,0.6838021874427795,-0.30325987935066223,0.999811053276062,0.5930179357528687,0.6616564989089966,0.09501979500055313,0.060022737830877304,0.5254154801368713,0.6190255880355835,-0.26739758253097534,0.9863298535346985,0.6220129728317261,0.8568210005760193,0.08571073412895203,0.21959851682186127,0.5536041855812073,0.8652042150497437,-0.16901874542236328,0.953970193862915,0.6448755264282227,0.870212197303772,0.0726914033293724,0.26065677404403687,0.5735165476799011,0.899332582950592,-0.19379983842372894,0.9160810708999634,0.6514678597450256,0.877360463142395,0.04298524931073189,0.2808421552181244,0.5888053178787231,0.8949981927871704,-0.1803930550813675,0.9168748259544373,0.6416718363761902,0.8756954669952393,0.07279858738183975,0.2610543370246887,0.5834679007530212,0.8860812783241272,-0.16227014362812042,0.8427860140800476,0.4335564970970154,0.7621316909790039,0.0901186540722847,0.9996765851974487,0.4031331241130829,0.7412505745887756,-0.09044011682271957,0.9998325109481812,0.30966708064079285,0.7667238712310791,0.31554314494132996,0.027251161634922028,0.27070924639701843,0.7567471265792847,0.08369943499565125,0.24173922836780548,0.22410526871681213,0.7495009899139404,0.5589418411254883,0.0642126128077507,0.1737506240606308,0.7527446150779724,0.32928845286369324,0.3548133075237274,0.20103806257247925,0.7380358576774597,0.5793640613555908,0.13432541489601135,0.15252143144607544,0.7407918572425842,0.35275766253471375,0.30445361137390137,0.20809221267700195,0.8330644369125366,0.535546064376831,0.16733697056770325,0.16693449020385742,0.8480558395385742,0.2811904549598694,0.35935264825820923,1
0.7708921432495117,0.857291579246521,-0.23280072212219238,0.9827896356582642,0.7860957384109497,0.8351963758468628,-0.22391456365585327,0.9747322201728821,0.7866366505622864,0.8291480541229248,-0.22445698082447052,0.9729169607162476,0.7870966196060181,0.8231024146080017,-0.22442695498466492,0.9852638244628906,0.7845632433891296,0.8341636657714844,-0.261400043964386,0.9840316772460938,0.7840015292167664,0.8271540999412537,-0.2619388997554779,0.9872472882270813,0.7831750512123108,0.8191500306129456,-0.26220133900642395,0.9930751919746399,0.7762767672538757,0.7706831097602844,-0.1432715505361557,0.9863635301589966,0.7714983224868774,0.760631799697876,-0.3131462633609772,0.9851135611534119,0.7511920928955078,0.8374985456466675,-0.1920410692691803,0.987032413482666,0.7505708336830139,0.8378145694732666,-0.24325592815876007,0.9906508326530457,0.7021524906158447,0.6994062066078186,-0.03485708311200142,0.9995657801628113,0.6637439131736755,0.6735551357269287,-0.29510894417762756,0.9998041987419128,0.5937162041664124,0.6634683012962341,0.1023344099521637,0.054957903921604156,0.525392472743988,0.6192299127578735,-0.26828479766845703,0.9860253930091858,0.6281961798667908,0.8564702272415161,0.10236194729804993,0.20282186567783356,0.5539520382881165,0.8679289817810059,-0.18139301240444183,0.9535067081451416,0.6548826694488525,0.8700155019760132,0.09115863591432571,0.24359340965747833,0.5743535757064819,0.9002062678337097,-0.20803561806678772,0.9149162173271179,0.6587592363357544,0.8771719336509705,0.063714399933815,0.26285234093666077,0.5891506671905518,0.8954702019691467,-0.19397178292274475,0.9157211780548096,0.6467772722244263,0.8756436109542847,0.09061712771654129,0.24398557841777802,0.5840789675712585,0.8866473436355591,-0.17473819851875305,0.8398807644844055,0.4335394501686096,0.7591333985328674,0.08980345726013184,0.9996681213378906,0.4030357599258423,0.7377748489379883,-0.09012854099273682,0.9998297095298767,0.3096238672733307,0.7659677863121033,0.3168409466743469,0.025077810510993004,0.27114781737327576,0.7560256123542786,0.08989906311035156,0.2265484631061554,0.22226262092590332,0.7494789958000183,0.5609262585639954,0.059255801141262054,0.17486366629600525,0.752654492855072,0.3286985158920288,0.33500421047210693,0.19933488965034485,0.7372041940689087,0.5818026065826416,0.12727059423923492,0.15330269932746887,0.7395347952842712,0.352023184299469,0.290255069732666,0.20602485537528992,0.8335759043693542,0.5391274094581604,0.1559891700744629,0.16688959300518036,0.8480300307273865,0.28066056966781616,0.34051305055618286,1
0.7711870074272156,0.8531548976898193,-0.21339993178844452,0.9819936752319336,0.7877467274665833,0.8338725566864014,-0.20174457132816315,0.973584771156311,0.7879800796508789,0.8260685205459595,-0.20232096314430237,0.9716858863830566,0.788142740726471,0.8189055919647217,-0.20231013000011444,0.9846574664115906,0.7864341735839844,0.831470251083374,-0.24133196473121643,0.9833546280860901,0.7857417464256287,0.8223434090614319,-0.2418852299451828,0.9866869449615479,0.7848204374313354,0.8129302263259888,-0.24214082956314087,0.9927917122840881,0.7769615054130554,0.7679802179336548,-0.11455263197422028,0.9860767722129822,0.7729995846748352,0.758004367351532,-0.2919418215751648,0.9845293164253235,0.7511280179023743,0.836815357208252,-0.17009201645851135,0.9866824746131897,0.7507092356681824,0.8360055088996887,-0.22418303787708282,0.9903517365455627,0.7020004391670227,0.6982021331787109,-0.012364348396658897,0.999555766582489,0.6633337736129761,0.6716406345367432,-0.27690085768699646,0.9998021125793457,0.5943846106529236,0.6683412194252014,0.1510869860649109,0.05076093226671219,0.5258320569992065,0.6193321347236633,-0.27231040596961975,0.9863917827606201,0.6365427374839783,0.852575957775116,0.19556838274002075,0.1895987093448639,0.5543965101242065,0.8689957857131958,-0.19256094098091125,0.9555838704109192,0.66678786277771,0.8680554032325745,0.1941511332988739,0.23049047589302063,0.5757583975791931,0.900915801525116,-0.22143115103244781,0.9183977842330933,0.6677266359329224,0.8750956654548645,0.1634250432252884,0.24906721711158752,0.5911982655525208,0.8955846428871155,-0.21080926060676575,0.9190232157707214,0.6537300944328308,0.8731337189674377,0.1839378923177719,0.23102973401546478,0.5865413546562195,0.8867698907852173,-0.18763574957847595,0.8450676202774048,0.4310857951641083,0.7589375972747803,0.08951345831155777,0.9996643662452698,0.4024757444858551,0.7350731492042542,-0.08983135968446732,0.9998287558555603,0.3093147873878479,0.765794575214386,0.3166142702102661,0.02348785661160946,0.2711879312992096,0.7554829716682434,0.09478022158145905,0.21926257014274597,0.2182958424091339,0.749198853969574,0.5586082935333252,0.05568854138255119,0.17490050196647644,0.7526257634162903,0.32808923721313477,0.3274468183517456,0.19690214097499847,0.7346752882003784,0.579390287399292,0.12276887893676758,0.15336526930332184,0.738798975944519,0.3511895537376404,0.28683939576148987,0.20090913772583008,0.8347547054290771,0.535504162311554,0.14852970838546753,0.16619788110256195,0.8480143547058105,0.2816533148288727,0.3334783911705017,1
0.7709550857543945,0.8081910014152527,-0.2123732715845108,0.983052670955658,0.7875314354896545,0.7873712778091431,-0.2001245617866516,0.9751829504966736,0.7877833247184753,0.7830095887184143,-0.20070408284664154,0.9733837246894836,0.7879817485809326,0.7788348197937012,-0.20068879425525665,0.9856005311012268,0.7862092852592468,0.7837540507316589,-0.2393193244934082,0.9843457937240601,0.7854989171028137,0.776926577091217,-0.23986457288265228,0.9874527454376221,0.7845748066902161,0.769151508808136,-0.24009914696216583,0.9931935667991638,0.7769759893417358,0.732621967792511,-0.1109088808298111,0.9869722723960876,0.7730388045310974,0.7181621789932251,-0.2853715717792511,0.9852701425552368,0.7509641647338867,0.797601580619812,-0.16837450861930847,0.9873679876327515,0.7504822015762329,0.795987069606781,-0.22203777730464935,0.9907830953598022,0.7014001607894897,0.6757434010505676,-0.007819795049726963,0.9995676875114441,0.6584028601646423,0.6556264758110046,-0.2723517417907715,0.9998043179512024,0.6047431826591492,0.6763271689414978,0.15925368666648865,0.04798336699604988,0.5257948637008667,0.6208620667457581,-0.28043824434280396,0.9869028329849243,0.6412813067436218,0.848759114742279,0.2145528942346573,0.18281430006027222,0.5544375777244568,0.8693617582321167,-0.23654502630233765,0.9581294059753418,0.6697583794593811,0.8666872978210449,0.21597380936145782,0.22478273510932922,0.5757458209991455,0.90120530128479,-0.27158981561660767,0.9228889346122742,0.6703020930290222,0.8742170929908752,0.18209624290466309,0.24332834780216217,0.5911553502082825,0.8952109813690186,-0.25492748618125916,0.9233507513999939,0.6564165353775024,0.8715128302574158,0.2021387666463852,0.22556041181087494,0.5868061184883118,0.8861772418022156,-0.23091517388820648,0.852375328540802,0.4308794140815735,0.7470824122428894,0.08959133177995682,0.9996753931045532,0.4024154245853424,0.7304779291152954,-0.08990602195262909,0.9998336434364319,0.30914604663848877,0.7638784646987915,0.31611570715904236,0.02292211353778839,0.2711399793624878,0.7552474141120911,0.09469791501760483,0.2240150272846222,0.2110869586467743,0.7491832971572876,0.5430013537406921,0.05469171702861786,0.17448307573795319,0.7526984214782715,0.3224659264087677,0.33701345324516296,0.19156940281391144,0.7346295118331909,0.5612110495567322,0.12266357988119125,0.15263761579990387,0.73906409740448,0.3443242907524109,0.29405462741851807,0.1981620490550995,0.836945116519928,0.5194878578186035,0.1482432782649994,0.16568425297737122,0.8493938446044922,0.27949097752571106,0.34264233708381653,1
0.7707565426826477,0.7699466347694397,-0.21249502897262573,0.9842683672904968,0.7874323129653931,0.7452186346054077,-0.1990698128938675,0.9770106077194214,0.7877242565155029,0.7398991584777832,-0.19964957237243652,0.9753215312957764,0.7879401445388794,0.7356278300285339,-0.1996309906244278,0.9866605997085571,0.7860953211784363,0.7390303015708923,-0.23777155578136444,0.9854860305786133,0.7854316234588623,0.7300618886947632,-0.2383115440607071,0.9883442521095276,0.784519612789154,0.7213215231895447,-0.23853519558906555,0.9936647415161133,0.7766075730323792,0.6921549439430237,-0.10352189838886261,0.9879225492477417,0.7728338241577148,0.6737967729568481,-0.2747197449207306,0.9861577749252319,0.7508438229560852,0.7554656863212585,-0.1674971729516983,0.9881289005279541,0.7503000497817993,0.7508193850517273,-0.22061116993427277,0.9912840723991394,0.7013293504714966,0.6489794850349426,0.0022459574975073338,0.999575674533844,0.6534631848335266,0.6174224019050598,-0.2674131691455841,0.9998051524162292,0.6120008826255798,0.6769890785217285,0.15360328555107117,0.04597880691289902,0.5257233381271362,0.6242165565490723,-0.28794631361961365,0.9873985052108765,0.6425067782402039,0.846994936466217,0.1855362057685852,0.17922815680503845,0.5544401407241821,0.8711691498756409,-0.2577832043170929,0.9605149030685425,0.6711587905883789,0.8648421764373779,0.18392546474933624,0.2228691428899765,0.5752149224281311,0.9026741981506348,-0.2951887845993042,0.9271771311759949,0.6716527342796326,0.8720109462738037,0.15026211738586426,0.24174273014068604,0.5910413861274719,0.8951166272163391,-0.2774001657962799,0.927497386932373,0.6576188802719116,0.8687817454338074,0.17254622280597687,0.2240287959575653,0.5867846608161926,0.8861493468284607,-0.2519529461860657,0.8594939112663269,0.4306964576244354,0.7312621474266052,0.08968019485473633,0.9996835589408875,0.4017331004142761,0.7189364433288574,-0.08999180048704147,0.9998369216918945,0.30852776765823364,0.7596712708473206,0.311562716960907,0.022464584559202194,0.27056804299354553,0.753415048122406,0.09145733714103699,0.22683057188987732,0.20772379636764526,0.7490384578704834,0.5229331254959106,0.053579181432724,0.17285193502902985,0.7531426548957825,0.30013003945350647,0.3424433767795563,0.18919308483600616,0.7331390380859375,0.5395165681838989,0.12298309057950974,0.1513664722442627,0.7391033172607422,0.31988009810447693,0.2989466190338135,0.19758105278015137,0.8371564149856567,0.49582797288894653,0.14766690135002136,0.1657719910144806,0.8500850796699524,0.2523270845413208,0.3486694395542145,1
0.771113395690918,0.7291366457939148,-0.19506649672985077,0.9844628572463989,0.7873355150222778,0.7011998295783997,-0.17875884473323822,0.9775118827819824,0.7876765131950378,0.696709156036377,-0.1793590635061264,0.9759083986282349,0.7878639698028564,0.6921910047531128,-0.17935408651828766,0.9870086312294006,0.7859683632850647,0.6977075934410095,-0.21777373552322388,0.9857520461082458,0.7853869795799255,0.6891531348228455,-0.21831366419792175,0.9885573983192444,0.7843633890151978,0.6792998909950256,-0.21854688227176666,0.9937383532524109,0.7748489379882812,0.6490224003791809,-0.08225835859775543,0.988361656665802,0.7716558575630188,0.6309058666229248,-0.25606533885002136,0.9860906004905701,0.7511196732521057,0.7175859808921814,-0.15012243390083313,0.9884438514709473,0.7503210306167603,0.7138796448707581,-0.203727588057518,0.9913946986198425,0.6989683508872986,0.6323722004890442,0.01820245012640953,0.9995745420455933,0.6529883146286011,0.5778658390045166,-0.25649744272232056,0.9997994899749756,0.6125002503395081,0.6830548644065857,0.15354077517986298,0.04459052160382271,0.5254623889923096,0.6281391382217407,-0.3073040843009949,0.9876188635826111,0.6458078026771545,0.8497719764709473,0.17144617438316345,0.17846855521202087,0.554478645324707,0.8740159273147583,-0.3272213041782379,0.962928056716919,0.6739758253097534,0.8647748827934265,0.16838859021663666,0.2234879732131958,0.5753827691078186,0.9035043716430664,-0.3735179007053375,0.9318945407867432,0.6746588349342346,0.8717775940895081,0.13446283340454102,0.2428881973028183,0.5918741822242737,0.8952640295028687,-0.3538540303707123,0.9320975542068481,0.6606138348579407,0.8687573671340942,0.15804582834243774,0.22476676106452942,0.5885995030403137,0.886782169342041,-0.322089284658432,0.8673444390296936,0.43026256561279297,0.7231594920158386,0.08958330750465393,0.999690055847168,0.4012225866317749,0.7000789046287537,-0.0898858979344368,0.9998379349708557,0.30797404050827026,0.7551091909408569,0.3006570041179657,0.022756310179829597,0.27056777477264404,0.7502281665802002,0.08309239894151688,0.23228786885738373,0.20546641945838928,0.7487980723381042,0.4999653100967407,0.05482471361756325,0.17301885783672333,0.7528924942016602,0.28567731380462646,0.35653242468833923,0.1863655000925064,0.7306821942329407,0.5146999359130859,0.12526769936084747,0.15167096257209778,0.7372409701347351,0.30435091257095337,0.30796295404434204,0.1953921914100647,0.8373020887374878,0.4583406448364258,0.15299701690673828,0.16460010409355164,0.8500617742538452,0.22633583843708038,0.3632022440433502,1
