x_0,y_0,z_0,vis_0,x_1,y_1,z_1,vis_1,x_2,y_2,z_2,vis_2,x_3,y_3,z_3,vis_3,x_4,y_4,z_4,vis_4,x_5,y_5,z_5,vis_5,x_6,y_6,z_6,vis_6,x_7,y_7,z_7,vis_7,x_8,y_8,z_8,vis_8,x_9,y_9,z_9,vis_9,x_10,y_10,z_10,vis_10,x_11,y_11,z_11,vis_11,x_12,y_12,z_12,vis_12,x_13,y_13,z_13,vis_13,x_14,y_14,z_14,vis_14,x_15,y_15,z_15,vis_15,x_16,y_16,z_16,vis_16,x_17,y_17,z_17,vis_17,x_18,y_18,z_18,vis_18,x_19,y_19,z_19,vis_19,x_20,y_20,z_20,vis_20,x_21,y_21,z_21,vis_21,x_22,y_22,z_22,vis_22,x_23,y_23,z_23,vis_23,x_24,y_24,z_24,vis_24,x_25,y_25,z_25,vis_25,x_26,y_26,z_26,vis_26,x_27,y_27,z_27,vis_27,x_28,y_28,z_28,vis_28,x_29,y_29,z_29,vis_29,x_30,y_30,z_30,vis_30,x_31,y_31,z_31,vis_31,x_32,y_32,z_32,vis_32,label
0.5354035496711731,0.28884708881378174,-0.19170640408992767,0.9999480843544006,0.5389710068702698,0.2766749858856201,-0.19464270770549774,0.9999637007713318,0.5412122011184692,0.2755727469921112,-0.19480647146701813,0.9999807476997375,0.5434591174125671,0.2741466164588928,-0.1947583556175232,0.9999790191650391,0.5350996255874634,0.27805909514427185,-0.1745556741952896,0.9999552965164185,0.5347455143928528,0.27795979380607605,-0.1747339814901352,0.9999691247940063,0.5343323349952698,0.277741938829422,-0.17480359971523285,0.9999638795852661,0.5551071763038635,0.2731332778930664,-0.17368119955062866,0.9999947547912598,0.5408079624176025,0.27939802408218384,-0.08154107630252838,0.9999467730522156,0.5418354868888855,0.2980801463127136,-0.18032635748386383,0.9999779462814331,0.5375663638114929,0.30074185132980347,-0.15511755645275116,0.9999309182167053,0.5815447568893433,0.3423786163330078,-0.19308608770370483,0.9999991655349731,0.5444527268409729,0.3508131504058838,0.02920657768845558,0.9999268054962158,0.5946103930473328,0.4437466859817505,-0.24173693358898163,0.9988381862640381,0.5533557534217834,0.45005786418914795,0.0586896687746048,0.10776084661483765,0.5862265229225159,0.5343173146247864,-0.2904152572154999,0.9949733018875122,0.5441805124282837,0.5315834879875183,-0.00871275831013918,0.2815616726875305,0.5857413411140442,0.5625110864639282,-0.31940287351608276,0.9901859164237976,0.5426223874092102,0.5584327578544617,-0.019710220396518707,0.3069019019603729,0.5782535672187805,0.5578880906105042,-0.32503119111061096,0.9908413887023926,0.5427744388580322,0.557636559009552,-0.0423254631459713,0.31956663727760315,0.5781030058860779,0.5492308735847473,-0.292152464389801,0.984076738357544,0.5440578460693359,0.5492408275604248,-0.020919138565659523,0.3085205554962158,0.5777950882911682,0.5217764377593994,-0.07930286228656769,0.9999883770942688,0.5599179863929749,0.5244499444961548,0.07924695312976837,0.9999691247940063,0.5582007169723511,0.6409735679626465,-0.09367561340332031,0.9814541935920715,0.5653638243675232,0.6417588591575623,0.07449556142091751,0.48475366830825806,0.5940166711807251,0.7780283689498901,-0.05286577716469765,0.9884523153305054,0.5927930474281311,0.770244300365448,0.12194299697875977,0.7263765931129456,0.6069715023040771,0.7983385920524597,-0.05360079184174538,0.9650483727455139,0.6056125164031982,0.7915937304496765,0.12348498404026031,0.8238335847854614,0.566273033618927,0.8266597986221313,-0.12788492441177368,0.9920874238014221,0.5644400119781494,0.8082599639892578,0.07458113133907318,0.8740286231040955,5
0.5375137329101562,0.2892356514930725,-0.21889406442642212,0.999953031539917,0.5409395098686218,0.27713316679000854,-0.22205179929733276,0.9999670386314392,0.5429995059967041,0.27607205510139465,-0.22222919762134552,0.9999824166297913,0.5450788736343384,0.27475810050964355,-0.2221805602312088,0.9999808669090271,0.5371592044830322,0.2784683108329773,-0.20185698568820953,0.9999594688415527,0.5368109345436096,0.2783821225166321,-0.20202605426311493,0.9999719262123108,0.5364006757736206,0.27821633219718933,-0.20209862291812897,0.9999671578407288,0.5571152567863464,0.2739697992801666,-0.19753509759902954,0.9999949932098389,0.5429290533065796,0.28003939986228943,-0.10464917868375778,0.9999507665634155,0.5437306761741638,0.2985720932483673,-0.20583300292491913,0.9999794960021973,0.539918065071106,0.3008655607700348,-0.18040886521339417,0.9999366998672485,0.5833884477615356,0.34283044934272766,-0.21471773087978363,0.9999991059303284,0.5463721752166748,0.3483218550682068,0.013403644785284996,0.9999315142631531,0.5955365300178528,0.4450168311595917,-0.27054405212402344,0.9986642003059387,0.5555278062820435,0.4489055871963501,0.04886829853057861,0.10864684730768204,0.5869654417037964,0.5334572792053223,-0.33172473311424255,0.9947844743728638,0.5464439988136292,0.5324805974960327,-0.023092972114682198,0.3142058253288269,0.5868023633956909,0.5612930655479431,-0.36508306860923767,0.9898566603660583,0.5447829961776733,0.5591214299201965,-0.03656092658638954,0.34131893515586853,0.5790659785270691,0.5567318201065063,-0.37076833844184875,0.9905575513839722,0.5450839996337891,0.5582499504089355,-0.061183858662843704,0.355289101600647,0.5783881545066833,0.5478314161300659,-0.33388036489486694,0.9833067655563354,0.5464910268783569,0.5495420694351196,-0.03625714033842087,0.33963334560394287,0.5802305936813354,0.5234830975532532,-0.07963302731513977,0.9999861717224121,0.5602087378501892,0.5255972743034363,0.07958100736141205,0.9999664425849915,0.5680240988731384,0.64134281873703,-0.08485399186611176,0.9757111072540283,0.5656488537788391,0.6441603899002075,0.09519588947296143,0.46266597509384155,0.6016248464584351,0.7771292924880981,-0.03043423220515251,0.9855816960334778,0.593418300151825,0.7700247168540955,0.1554812490940094,0.7188785672187805,0.614494264125824,0.7976759076118469,-0.029876520857214928,0.9556438326835632,0.6053548455238342,0.7904350757598877,0.16282853484153748,0.8137776851654053,0.5747717618942261,0.8241919279098511,-0.11072240769863129,0.9901533722877502,0.5659158229827881,0.8082615733146667,0.12407466024160385,0.869263231754303,5
0.539116621017456,0.2895503044128418,-0.2109266072511673,0.9999573826789856,0.5426464080810547,0.27749931812286377,-0.21470123529434204,0.9999699592590332,0.5446761250495911,0.2764928340911865,-0.21488188207149506,0.9999838471412659,0.5467411279678345,0.2752167880535126,-0.21482917666435242,0.999982476234436,0.5388903021812439,0.2787509858608246,-0.19404786825180054,0.9999631643295288,0.5385293364524841,0.27864375710487366,-0.19421222805976868,0.9999743103981018,0.5380996465682983,0.27846115827560425,-0.194283589720726,0.999970018863678,0.5585768818855286,0.2746301293373108,-0.19408412277698517,0.999995231628418,0.5448899865150452,0.2804270386695862,-0.09921029210090637,0.9999539852142334,0.5451250076293945,0.2989978790283203,-0.1994209885597229,0.9999806880950928,0.5411921143531799,0.30110135674476624,-0.17341038584709167,0.9999414086341858,0.5846161246299744,0.3420039713382721,-0.21410918235778809,0.9999990463256836,0.5492082238197327,0.34853240847587585,0.015148232690989971,0.9999329447746277,0.596505880355835,0.4437941014766693,-0.27034682035446167,0.9985725283622742,0.5594577789306641,0.4492514431476593,0.044338203966617584,0.10417293012142181,0.5869820713996887,0.5331568717956543,-0.328145295381546,0.9947577118873596,0.5487911105155945,0.5326876640319824,-0.02906545251607895,0.3163744807243347,0.5873415470123291,0.5603964924812317,-0.3608856201171875,0.9898272752761841,0.5475428700447083,0.5587328672409058,-0.042347975075244904,0.34823861718177795,0.5803209543228149,0.5559960007667542,-0.36616307497024536,0.9905253052711487,0.547105610370636,0.5585153698921204,-0.06639450043439865,0.3632451295852661,0.5796203017234802,0.5470337867736816,-0.330096572637558,0.9830091595649719,0.5486785769462585,0.5495896935462952,-0.04219961166381836,0.34507909417152405,0.5854761600494385,0.5240883827209473,-0.07936129719018936,0.9999854564666748,0.5633280873298645,0.5262958407402039,0.07931463420391083,0.999965250492096,0.5766714215278625,0.6414865851402283,-0.07961622625589371,0.9752912521362305,0.5701839327812195,0.6447005867958069,0.10374481230974197,0.4613187313079834,0.6080203652381897,0.7765190005302429,-0.018207399174571037,0.9856902956962585,0.5944706797599792,0.7699381709098816,0.16101354360580444,0.7308077812194824,0.621519923210144,0.7981353402137756,-0.017105605453252792,0.9539086222648621,0.6053086519241333,0.789660632610321,0.16472814977169037,0.8172460198402405,0.5830733776092529,0.8251010179519653,-0.09964394569396973,0.9901046752929688,0.5670289397239685,0.8079770803451538,0.13459208607673645,0.8746516704559326,5
0.5403429269790649,0.2905241847038269,-0.21282127499580383,0.9999611973762512,0.5434494614601135,0.27834489941596985,-0.21741153299808502,0.999972403049469,0.5455717444419861,0.27724942564964294,-0.2175929993391037,0.9999849200248718,0.5475611090660095,0.2759743332862854,-0.21753963828086853,0.9999837875366211,0.5402200818061829,0.2795661389827728,-0.19697682559490204,0.9999663233757019,0.5399452447891235,0.27943357825279236,-0.19714953005313873,0.9999763369560242,0.5396073460578918,0.2792297601699829,-0.19722673296928406,0.9999724626541138,0.5591974258422852,0.27478253841400146,-0.19911237061023712,0.9999952912330627,0.5466538071632385,0.280794620513916,-0.10496688634157181,0.9999567270278931,0.5465275049209595,0.29993951320648193,-0.2019391655921936,0.9999817609786987,0.5425577759742737,0.3019354045391083,-0.17613443732261658,0.9999457597732544,0.5869789123535156,0.341205894947052,-0.2152826189994812,0.9999989867210388,0.5508153438568115,0.3481757938861847,0.00835492555052042,0.9999366402626038,0.5972869992256165,0.44246339797973633,-0.2644444704055786,0.9985313415527344,0.5599111318588257,0.4491303563117981,0.04394529014825821,0.11283577978610992,0.5867339968681335,0.5318602919578552,-0.317012757062912,0.9949108362197876,0.5508865118026733,0.5329625606536865,-0.025041423738002777,0.35689404606819153,0.5875593423843384,0.559040904045105,-0.348672479391098,0.9901084303855896,0.5487253069877625,0.558023989200592,-0.03787337243556976,0.3883644938468933,0.5796601176261902,0.5547089576721191,-0.3543166220188141,0.9907805919647217,0.5479100942611694,0.559063196182251,-0.06201966106891632,0.4038912057876587,0.5789860486984253,0.5458083152770996,-0.31891268491744995,0.9832954406738281,0.5496723651885986,0.550218939781189,-0.0379684716463089,0.38305041193962097,0.5897706151008606,0.5202102065086365,-0.077878937125206,0.9999851584434509,0.565339982509613,0.5239805579185486,0.0778348445892334,0.9999656081199646,0.5832432508468628,0.6423713564872742,-0.08542982488870621,0.9762236475944519,0.575576901435852,0.6460551023483276,0.10536398738622665,0.47801968455314636,0.6116657257080078,0.7744776010513306,-0.021732233464717865,0.9863668084144592,0.5951230525970459,0.7697508335113525,0.17211714386940002,0.7488676905632019,0.6243115067481995,0.7962074279785156,-0.020242486149072647,0.9541774392127991,0.6046515107154846,0.7893577814102173,0.1769220381975174,0.8248339891433716,0.588840126991272,0.8244065046310425,-0.10364977270364761,0.9904949069023132,0.5678402185440063,0.8077455759048462,0.13061192631721497,0.8830036520957947,5
0.5418293476104736,0.29124337434768677,-0.21412961184978485,0.9999644160270691,0.5444942116737366,0.27899423241615295,-0.21921037137508392,0.9999744296073914,0.5467427968978882,0.27780479192733765,-0.21939092874526978,0.9999856948852539,0.5487422347068787,0.27651259303092957,-0.2193363606929779,0.9999847412109375,0.5414892435073853,0.2801966965198517,-0.19895711541175842,0.9999690055847168,0.5412557125091553,0.2800396680831909,-0.19913506507873535,0.9999779462814331,0.5409892797470093,0.2798060178756714,-0.19921444356441498,0.9999744892120361,0.5600289702415466,0.27440881729125977,-0.2018943428993225,0.999995231628418,0.5478675961494446,0.2807554006576538,-0.10847648978233337,0.9999586939811707,0.5484448075294495,0.30053865909576416,-0.2033580243587494,0.999982476234436,0.5444154739379883,0.3025214374065399,-0.17776280641555786,0.9999493360519409,0.589072048664093,0.3401428759098053,-0.2161044329404831,0.9999988675117493,0.5519915223121643,0.34722641110420227,0.005334716755896807,0.9999399781227112,0.5980616211891174,0.4411458373069763,-0.2622014880180359,0.9984627366065979,0.5612018704414368,0.4474337697029114,0.04537001997232437,0.12272834777832031,0.5855737328529358,0.5301752090454102,-0.3128112256526947,0.994965672492981,0.5518287420272827,0.5311372876167297,-0.02081199362874031,0.39724200963974,0.5862321853637695,0.556972324848175,-0.3443463444709778,0.9901795983314514,0.5500255823135376,0.5561985373497009,-0.033240579068660736,0.42725834250450134,0.5780285000801086,0.5519388318061829,-0.349700003862381,0.9908369779586792,0.5489975810050964,0.5575774908065796,-0.05720904842019081,0.443231999874115,0.577562153339386,0.5440530180931091,-0.31452518701553345,0.9831776022911072,0.5507798790931702,0.548713207244873,-0.03353939577937126,0.41983577609062195,0.5923048853874207,0.5178504586219788,-0.0766441598534584,0.9999843835830688,0.5675973892211914,0.5225608944892883,0.07659932225942612,0.9999651908874512,0.5893347263336182,0.6429041028022766,-0.08271457254886627,0.9764536619186401,0.579295814037323,0.6475928425788879,0.1060243546962738,0.4865211546421051,0.6149923801422119,0.7752473950386047,-0.022518938407301903,0.9866829514503479,0.5960209965705872,0.7702956795692444,0.17674650251865387,0.7620499134063721,0.6254856586456299,0.7979218363761902,-0.021602487191557884,0.9529513120651245,0.6045634150505066,0.7891645431518555,0.18168683350086212,0.828362762928009,0.5929601192474365,0.8248522281646729,-0.10747534781694412,0.9906160235404968,0.5685317516326904,0.807518720626831,0.1285364180803299,0.8890517950057983,5
0.5434812903404236,0.29222458600997925,-0.21418724954128265,0.9999675154685974,0.5454593300819397,0.2794720232486725,-0.21948717534542084,0.9999764561653137,0.5475365519523621,0.277890682220459,-0.21966497600078583,0.9999865889549255,0.5493916273117065,0.27677375078201294,-0.21960417926311493,0.9999858140945435,0.5426963567733765,0.28103673458099365,-0.19954191148281097,0.9999716281890869,0.5424840450286865,0.2807155251502991,-0.1997266411781311,0.9999796748161316,0.5422418713569641,0.28033050894737244,-0.19981108605861664,0.9999765753746033,0.5607935190200806,0.2749450206756592,-0.20171645283699036,0.9999952912330627,0.5491814017295837,0.28126707673072815,-0.10965123772621155,0.9999613165855408,0.5504657030105591,0.3009369373321533,-0.20295056700706482,0.9999833106994629,0.5465270280838013,0.3028359115123749,-0.1777309626340866,0.9999529123306274,0.590852677822113,0.33900195360183716,-0.2143213301897049,0.9999988079071045,0.5539778470993042,0.3476068377494812,0.003908195532858372,0.99994295835495,0.5978473424911499,0.44001081585884094,-0.2555884122848511,0.9984186291694641,0.5624122619628906,0.44678840041160583,0.043236229568719864,0.1370236873626709,0.5848749876022339,0.5276453495025635,-0.30532482266426086,0.9950506091117859,0.5535459518432617,0.5306344032287598,-0.021731337532401085,0.435935914516449,0.5854005813598633,0.554105281829834,-0.3350924849510193,0.9902830123901367,0.5521709322929382,0.5555354952812195,-0.03440341725945473,0.4638005793094635,0.5775718092918396,0.5495160818099976,-0.34103405475616455,0.990933895111084,0.5507100820541382,0.5573767423629761,-0.05834614858031273,0.48008203506469727,0.5768519639968872,0.5423802733421326,-0.30640819668769836,0.9831997752189636,0.5525534749031067,0.548215925693512,-0.034390151500701904,0.4547589421272278,0.5951144099235535,0.5162511467933655,-0.07583864778280258,0.999983012676239,0.5691270232200623,0.5216822028160095,0.07579883188009262,0.9999637603759766,0.5962705612182617,0.6435167193412781,-0.07842958718538284,0.9769515991210938,0.5804705023765564,0.6483898162841797,0.1102125272154808,0.4951615333557129,0.6173205971717834,0.7775959372520447,-0.02906639687716961,0.9872315526008606,0.5963485836982727,0.7708448767662048,0.17911027371883392,0.7731737494468689,0.6270281076431274,0.8003880381584167,-0.02948681265115738,0.9529460072517395,0.60450679063797,0.7893654108047485,0.18255899846553802,0.8311818242073059,0.5932645201683044,0.8247095346450806,-0.12052108347415924,0.9909065961837769,0.569689154624939,0.8071923851966858,0.12922821938991547,0.8943016529083252,5
0.5454345941543579,0.2936737537384033,-0.20393098890781403,0.9999701380729675,0.546794056892395,0.28064364194869995,-0.20896853506565094,0.9999781847000122,0.5487649440765381,0.2786860167980194,-0.20914395153522491,0.9999873042106628,0.550570547580719,0.2771669924259186,-0.20908774435520172,0.9999867081642151,0.5441091656684875,0.28267040848731995,-0.18880492448806763,0.9999738335609436,0.5439065098762512,0.28239205479621887,-0.18898436427116394,0.9999809861183167,0.5436844229698181,0.2820254862308502,-0.18906642496585846,0.9999781847000122,0.5622336268424988,0.27537134289741516,-0.19260984659194946,0.9999954104423523,0.5506730675697327,0.28139162063598633,-0.09963949769735336,0.9999628067016602,0.5532132387161255,0.30103546380996704,-0.19362160563468933,0.9999838471412659,0.5492309927940369,0.3034791946411133,-0.1681431233882904,0.9999552965164185,0.5928661227226257,0.3383869528770447,-0.20944158732891083,0.9999987483024597,0.5566551089286804,0.3487575054168701,0.007242643274366856,0.999941349029541,0.5990802645683289,0.4390782117843628,-0.24241939187049866,0.9984045028686523,0.5650574564933777,0.4459435045719147,0.04576975107192993,0.13381774723529816,0.5844000577926636,0.525708019733429,-0.2719593644142151,0.9951108694076538,0.5562163591384888,0.5276404023170471,-0.02154707722365856,0.4270029664039612,0.5850954055786133,0.5523439049720764,-0.2997957170009613,0.9903068542480469,0.5550190210342407,0.5539436340332031,-0.0339837484061718,0.4577188491821289,0.5758410096168518,0.5474608540534973,-0.30421435832977295,0.9909518957138062,0.5526407957077026,0.5553649663925171,-0.05814001336693764,0.4747469127178192,0.5752867460250854,0.540527880191803,-0.2725309729576111,0.9830907583236694,0.5541682839393616,0.545321524143219,-0.03420809283852577,0.44862550497055054,0.5967928767204285,0.516357958316803,-0.07603542506694794,0.9999822378158569,0.5712851285934448,0.5213197469711304,0.0759916752576828,0.9999619126319885,0.6011230945587158,0.6437609195709229,-0.07301419228315353,0.9781600832939148,0.581840455532074,0.6489381194114685,0.12415323406457901,0.5106181502342224,0.6177327632904053,0.7789202928543091,-0.021959932520985603,0.9880264401435852,0.5962082743644714,0.7712975740432739,0.19685693085193634,0.7866361737251282,0.627101719379425,0.8021141886711121,-0.02215617708861828,0.9542303085327148,0.6046594381332397,0.7906686067581177,0.20062115788459778,0.8374499678611755,0.5926064252853394,0.8248808979988098,-0.11557000130414963,0.9913319945335388,0.5701744556427002,0.8069257736206055,0.13748447597026825,0.9001448154449463,5
0.547566831111908,0.2963661849498749,-0.20329533517360687,0.9999722838401794,0.5483183264732361,0.28358376026153564,-0.20706214010715485,0.9999794960021973,0.5505994558334351,0.28135374188423157,-0.20721863210201263,0.999987781047821,0.552840530872345,0.2792086899280548,-0.2071702927350998,0.9999874234199524,0.5454073548316956,0.28604578971862793,-0.1864212602376938,0.9999755024909973,0.5450304746627808,0.28623634576797485,-0.18658296763896942,0.9999819397926331,0.5446383953094482,0.286329448223114,-0.18664003908634186,0.9999793171882629,0.5635377764701843,0.27566492557525635,-0.19133616983890533,0.9999954104423523,0.5516178011894226,0.28387415409088135,-0.09689359366893768,0.9999630451202393,0.5556474924087524,0.302259236574173,-0.19077402353286743,0.9999840259552002,0.5514845252037048,0.30585622787475586,-0.1658525913953781,0.9999564290046692,0.5951233506202698,0.3377855122089386,-0.20540007948875427,0.9999986886978149,0.5583569407463074,0.34933727979660034,0.016241198405623436,0.9999380707740784,0.600011944770813,0.4389275312423706,-0.22805890440940857,0.9983956813812256,0.5664499402046204,0.44412872195243835,0.05011465400457382,0.1282566636800766,0.5842158794403076,0.5246886610984802,-0.24985557794570923,0.9951164126396179,0.5575458407402039,0.519956111907959,-0.02016400545835495,0.4081404209136963,0.583677351474762,0.5504214763641357,-0.2764412462711334,0.9902180433273315,0.5563735961914062,0.5491029620170593,-0.032631102949380875,0.44221240282058716,0.5735712647438049,0.5458695292472839,-0.2806858718395233,0.9908648133277893,0.5544887781143188,0.5513219237327576,-0.056080833077430725,0.4594503343105316,0.5734736323356628,0.5393027663230896,-0.25021812319755554,0.9828092455863953,0.556109607219696,0.5412089824676514,-0.03275264427065849,0.433721661567688,0.5979816913604736,0.5166347622871399,-0.07609672099351883,0.9999818205833435,0.5722466111183167,0.5213432312011719,0.07605767995119095,0.9999604821205139,0.6059865951538086,0.6439631581306458,-0.07055232673883438,0.9794849157333374,0.5831267237663269,0.6493458151817322,0.1266247034072876,0.5294331312179565,0.6183217167854309,0.7796605229377747,-0.02419275976717472,0.9888508915901184,0.5961363911628723,0.7721093893051147,0.19893527030944824,0.8003357648849487,0.6274634003639221,0.8031371235847473,-0.02488802745938301,0.9559944272041321,0.6047275066375732,0.7922426462173462,0.20273733139038086,0.8446766138076782,0.5924742817878723,0.8244129419326782,-0.11927977204322815,0.9917901754379272,0.5704265236854553,0.8064945936203003,0.13866806030273438,0.9060174226760864,5
0.5494996905326843,0.30070674419403076,-0.196303129196167,0.9999727010726929,0.54991614818573,0.2870689928531647,-0.20517054200172424,0.9999791979789734,0.5520427823066711,0.28487154841423035,-0.2053099274635315,0.9999870657920837,0.5542364120483398,0.28269174695014954,-0.20525313913822174,0.9999871253967285,0.5471664071083069,0.28989288210868835,-0.18568064272403717,0.999975323677063,0.5468018651008606,0.29006659984588623,-0.18582051992416382,0.9999812245368958,0.5463975071907043,0.29008540511131287,-0.1858343482017517,0.9999787211418152,0.5647693872451782,0.2762243151664734,-0.19617025554180145,0.9999950528144836,0.5537576675415039,0.28591787815093994,-0.09938999265432358,0.9999598860740662,0.5571890473365784,0.30621904134750366,-0.18973121047019958,0.9999834895133972,0.5532687306404114,0.31026867032051086,-0.1645672768354416,0.9999554753303528,0.5971889495849609,0.336330384016037,-0.21423578262329102,0.9999986886978149,0.5602604746818542,0.34835851192474365,0.011369616724550724,0.999936044216156,0.6013580560684204,0.4386145770549774,-0.23181810975074768,0.998436689376831,0.5682973861694336,0.44317731261253357,0.041093237698078156,0.12434154748916626,0.5833570957183838,0.5238084197044373,-0.2530081868171692,0.9952768683433533,0.5597699880599976,0.5170550346374512,-0.030938265845179558,0.38995152711868286,0.5818602442741394,0.5489987134933472,-0.2792710065841675,0.9904140830039978,0.5578700304031372,0.5468637347221375,-0.043591368943452835,0.42548704147338867,0.5715200901031494,0.5445680618286133,-0.2833119332790375,0.9910323023796082,0.55551677942276,0.5490793585777283,-0.0661773532629013,0.44299182295799255,0.5715104341506958,0.5380124449729919,-0.25316426157951355,0.9829593300819397,0.556925356388092,0.538938581943512,-0.043374672532081604,0.41770443320274353,0.5994138121604919,0.5162028670310974,-0.07586514949798584,0.999981701374054,0.5737296938896179,0.5201859474182129,0.07583966106176376,0.9999592304229736,0.6091741919517517,0.6438829302787781,-0.07038678973913193,0.980750560760498,0.5838499665260315,0.6477109789848328,0.12688010931015015,0.543664813041687,0.6176888346672058,0.7802169322967529,-0.029033595696091652,0.9896594285964966,0.5960294604301453,0.7724165916442871,0.20362751185894012,0.8110965490341187,0.6265071630477905,0.8034866452217102,-0.03044387884438038,0.9578944444656372,0.6047858595848083,0.7932456731796265,0.20793716609477997,0.8505757451057434,0.591095507144928,0.8245118856430054,-0.1267354041337967,0.9922601580619812,0.5702832341194153,0.8062982559204102,0.14544469118118286,0.9106746315956116,5
0.5520786643028259,0.303995817899704,-0.18755358457565308,0.9999735951423645,0.5520438551902771,0.29017844796180725,-0.19769783318042755,0.9999794363975525,0.5541657209396362,0.2876785695552826,-0.19786633551120758,0.9999867677688599,0.5562868714332581,0.28519269824028015,-0.19780825078487396,0.9999871253967285,0.5494096279144287,0.29300767183303833,-0.1766263097524643,0.9999758005142212,0.5490236282348633,0.2931731939315796,-0.17679592967033386,0.9999812245368958,0.5485839247703552,0.2932223081588745,-0.17686806619167328,0.9999788403511047,0.5666857361793518,0.2771422564983368,-0.19234421849250793,0.9999948143959045,0.5557264089584351,0.28857412934303284,-0.09778107702732086,0.9999582767486572,0.5593377351760864,0.3086051642894745,-0.18189850449562073,0.999983012676239,0.5558310747146606,0.3131037950515747,-0.15488538146018982,0.9999551177024841,0.5988736748695374,0.33528992533683777,-0.211355522274971,0.9999986886978149,0.5620743632316589,0.34851765632629395,0.016734056174755096,0.9999350905418396,0.6030524373054504,0.43774276971817017,-0.23417645692825317,0.9984622001647949,0.5688906908035278,0.44412165880203247,0.046573687344789505,0.12091999500989914,0.5829580426216125,0.5235421657562256,-0.25787949562072754,0.9953631162643433,0.5599794983863831,0.5181604027748108,-0.026786237955093384,0.38138946890830994,0.5804471373558044,0.5488687753677368,-0.28469082713127136,0.9904943108558655,0.5580758452415466,0.5479735732078552,-0.03920348733663559,0.4198165833950043,0.570258378982544,0.5440470576286316,-0.2881068289279938,0.9910876154899597,0.5557337999343872,0.5492343902587891,-0.06194078549742699,0.43779635429382324,0.5704821944236755,0.5375745892524719,-0.25785091519355774,0.9829100966453552,0.5572049021720886,0.5391519069671631,-0.039206501096487045,0.4121435880661011,0.600347638130188,0.5162658095359802,-0.07592672854661942,0.9999811053276062,0.5739980340003967,0.5205525755882263,0.07591216266155243,0.9999574422836304,0.611714243888855,0.6429304480552673,-0.07491343468427658,0.9820269346237183,0.5846265554428101,0.6460282206535339,0.12496978789567947,0.5624280571937561,0.617579460144043,0.78058922290802,-0.035716455429792404,0.9904399514198303,0.5960606336593628,0.7728135585784912,0.2008466273546219,0.8228530287742615,0.6264552474021912,0.8036094903945923,-0.037240538746118546,0.9600732922554016,0.6048953533172607,0.7940412163734436,0.2042766958475113,0.8577730059623718,0.5904955267906189,0.8242661952972412,-0.13039477169513702,0.9927260875701904,0.5701931118965149,0.8061736226081848,0.1375010460615158,0.9156956076622009,5
0.5532692074775696,0.3058831989765167,-0.1771167367696762,0.9999728202819824,0.5532971620559692,0.29227885603904724,-0.18673238158226013,0.9999778866767883,0.5551571249961853,0.2898328900337219,-0.1869135946035385,0.9999849796295166,0.5573549866676331,0.28709790110588074,-0.1868598759174347,0.9999858140945435,0.5503076314926147,0.29479339718818665,-0.16582627594470978,0.9999744892120361,0.5498430728912354,0.29494351148605347,-0.16601186990737915,0.9999797344207764,0.5493817925453186,0.2949599325656891,-0.16611209511756897,0.9999775290489197,0.5679834485054016,0.27786946296691895,-0.18566247820854187,0.9999939203262329,0.5573912262916565,0.2895086407661438,-0.08927423506975174,0.9999536871910095,0.5605395436286926,0.3100205063819885,-0.17111660540103912,0.9999813437461853,0.5569193363189697,0.31505173444747925,-0.144450843334198,0.9999523758888245,0.6007916927337646,0.3344593048095703,-0.20452721416950226,0.9999986290931702,0.5626125335693359,0.3492482900619507,0.019849367439746857,0.9999346733093262,0.6042442917823792,0.437213271856308,-0.2298443764448166,0.9984489679336548,0.5682592988014221,0.4446552097797394,0.049959249794483185,0.12221331894397736,0.5828559398651123,0.5229190587997437,-0.25166982412338257,0.9954226016998291,0.559302568435669,0.5199871063232422,-0.02548736333847046,0.38710999488830566,0.5801050662994385,0.5477589964866638,-0.27819642424583435,0.9905508160591125,0.5575275421142578,0.5491832494735718,-0.03756264969706535,0.4273941218852997,0.5701086521148682,0.5429461598396301,-0.2819601595401764,0.9911301732063293,0.5554821491241455,0.5504274368286133,-0.06034092605113983,0.4460827708244324,0.570370078086853,0.5368302464485168,-0.25185197591781616,0.982869565486908,0.5572721362113953,0.5403834581375122,-0.03786585479974747,0.41923728585243225,0.6023339629173279,0.516100287437439,-0.07510191947221756,0.9999804496765137,0.5749300718307495,0.5205318927764893,0.07509100437164307,0.9999561309814453,0.6125586032867432,0.6426820158958435,-0.07622170448303223,0.9830161929130554,0.5858733057975769,0.645287811756134,0.12194272875785828,0.5787964463233948,0.6177535653114319,0.7806957960128784,-0.03406272083520889,0.9910597205162048,0.5961307883262634,0.7729057669639587,0.19541147351264954,0.8327085971832275,0.6260990500450134,0.8037669062614441,-0.03525785356760025,0.9614173769950867,0.6051034331321716,0.7941158413887024,0.19888682663440704,0.8629028797149658,0.5909265875816345,0.8243958353996277,-0.13091810047626495,0.9930667877197266,0.5701685547828674,0.8059983849525452,0.13273851573467255,0.919850766658783,5
0.55466628074646,0.30803993344306946,-0.1915316879749298,0.9999737739562988,0.5547523498535156,0.29454514384269714,-0.20137827098369598,0.9999781250953674,0.5565459728240967,0.2925451397895813,-0.20156215131282806,0.9999847412109375,0.5588037967681885,0.28996187448501587,-0.2015032172203064,0.9999857544898987,0.5511114597320557,0.29672136902809143,-0.18125280737876892,0.9999751448631287,0.5504526495933533,0.29681065678596497,-0.1814514696598053,0.9999800324440002,0.5498626828193665,0.29678747057914734,-0.1815570443868637,0.9999780058860779,0.5695578455924988,0.2792239189147949,-0.19727997481822968,0.999993622303009,0.5582460761070251,0.2910948693752289,-0.1039602980017662,0.9999538064002991,0.5618412494659424,0.31216779351234436,-0.18436621129512787,0.9999812245368958,0.5580231547355652,0.3175137937068939,-0.1587483435869217,0.9999533891677856,0.6022573113441467,0.3339640200138092,-0.20985563099384308,0.9999985694885254,0.5630846619606018,0.34948402643203735,0.006687978282570839,0.9999369382858276,0.6060127019882202,0.43730688095092773,-0.2303895801305771,0.9984668493270874,0.5681883096694946,0.44519999623298645,0.041906725615262985,0.13318702578544617,0.5832122564315796,0.5224599242210388,-0.2575318217277527,0.9956308007240295,0.557932436466217,0.5209000110626221,-0.02706277370452881,0.4169521629810333,0.5801171064376831,0.5472457408905029,-0.28406858444213867,0.9909256100654602,0.5564605593681335,0.5497311353683472,-0.03907119482755661,0.4553653299808502,0.5701812505722046,0.542713463306427,-0.28827133774757385,0.9914835095405579,0.5547419190406799,0.5511458516120911,-0.062191903591156006,0.4746669828891754,0.5703807473182678,0.5367014408111572,-0.25792667269706726,0.9834485650062561,0.5566865801811218,0.5412261486053467,-0.03943086788058281,0.44603967666625977,0.6031320691108704,0.514835774898529,-0.07383786886930466,0.9999786615371704,0.5763081312179565,0.5192034840583801,0.07382441312074661,0.9999532103538513,0.6129142045974731,0.6419123411178589,-0.07750257104635239,0.9838545918464661,0.5868270993232727,0.6451268792152405,0.10847236216068268,0.5915578603744507,0.6177772879600525,0.7808716297149658,-0.03574380651116371,0.9916139841079712,0.5963319540023804,0.7733621597290039,0.17569518089294434,0.8405703902244568,0.6261111497879028,0.80389004945755,-0.038788218051195145,0.9627252817153931,0.6054424047470093,0.7949716448783875,0.17897272109985352,0.8662114143371582,0.5898886322975159,0.8243333697319031,-0.13825207948684692,0.9934134483337402,0.5701002478599548,0.8059468865394592,0.11602094769477844,0.9235184788703918,5
0.5565928220748901,0.30884915590286255,-0.21018165349960327,0.999975323677063,0.5565363168716431,0.29512348771095276,-0.21838876605033875,0.9999791383743286,0.5585763454437256,0.29305824637413025,-0.2185756117105484,0.9999852180480957,0.5608856081962585,0.2904638648033142,-0.21851447224617004,0.9999862909317017,0.5527292490005493,0.29747897386550903,-0.19839133322238922,0.9999765157699585,0.5518684983253479,0.29762232303619385,-0.19858333468437195,0.9999809861183167,0.5511465072631836,0.2976858615875244,-0.19868235290050507,0.9999791383743286,0.5713398456573486,0.2798423171043396,-0.20826728641986847,0.9999936819076538,0.5593805909156799,0.29211288690567017,-0.1153707429766655,0.9999554753303528,0.5638355612754822,0.3129913806915283,-0.2007238268852234,0.9999818205833435,0.5598717927932739,0.3188861608505249,-0.17527194321155548,0.9999555945396423,0.6036058664321899,0.3340473175048828,-0.21873356401920319,0.9999985694885254,0.5640478134155273,0.34971216320991516,-0.0009029584471136332,0.9999396800994873,0.6075664758682251,0.4368886351585388,-0.24632996320724487,0.9985121488571167,0.5684637427330017,0.4455171227455139,0.036363087594509125,0.15324661135673523,0.5843578577041626,0.5226724743843079,-0.27482157945632935,0.995895266532898,0.5576927661895752,0.5224502682685852,-0.03258300945162773,0.4570713937282562,0.5808960199356079,0.5478155016899109,-0.30300283432006836,0.991431713104248,0.5559621453285217,0.5513672232627869,-0.04562806710600853,0.49221646785736084,0.5708906054496765,0.5432974100112915,-0.30774402618408203,0.9919612407684326,0.5544621348381042,0.5522004961967468,-0.06964078545570374,0.5114139914512634,0.5709993839263916,0.5372053384780884,-0.2755035161972046,0.9842973351478577,0.5565899014472961,0.5416521430015564,-0.04530506208539009,0.4820432960987091,0.6042301058769226,0.5150725245475769,-0.07383798807859421,0.9999763369560242,0.5771690607070923,0.5192550420761108,0.07381831109523773,0.9999493956565857,0.6134018301963806,0.6420718431472778,-0.07629942893981934,0.9845812916755676,0.587397038936615,0.6450089812278748,0.11072973906993866,0.6030120849609375,0.6176115870475769,0.7809752225875854,-0.033851515501737595,0.9920626282691956,0.5964370965957642,0.7733108997344971,0.1873513162136078,0.8474082350730896,0.6253694295883179,0.8040671348571777,-0.035569172352552414,0.963641345500946,0.6055440902709961,0.7947865724563599,0.19154731929302216,0.8695394396781921,0.5885036587715149,0.8241543769836426,-0.1329636424779892,0.9936811327934265,0.5700797438621521,0.8057990670204163,0.1259012222290039,0.9266660809516907,5
0.5579518675804138,0.30898627638816833,-0.22380290925502777,0.999976396560669,0.5579149723052979,0.29546162486076355,-0.23224827647209167,0.999979555606842,0.5599760413169861,0.29336604475975037,-0.2324368953704834,0.9999851584434509,0.5622915029525757,0.29077577590942383,-0.23237565159797668,0.9999862909317017,0.5539999604225159,0.2977731227874756,-0.21207410097122192,0.9999773502349854,0.5530260801315308,0.29787084460258484,-0.21226254105567932,0.9999815225601196,0.5522058606147766,0.2979060709476471,-0.2123580127954483,0.9999798536300659,0.5726558566093445,0.28000420331954956,-0.22246932983398438,0.9999934434890747,0.5604263544082642,0.292289137840271,-0.12869255244731903,0.9999563694000244,0.5651289820671082,0.3131510317325592,-0.21441128849983215,0.9999820590019226,0.5612133145332336,0.3192410469055176,-0.18869824707508087,0.999957263469696,0.6051281690597534,0.3343791663646698,-0.23255258798599243,0.9999985098838806,0.5643667578697205,0.34985923767089844,-0.012234781868755817,0.9999428391456604,0.6091127991676331,0.43706628680229187,-0.266794353723526,0.9985281229019165,0.5684388875961304,0.44580236077308655,0.030789440497756004,0.17908641695976257,0.5866294503211975,0.5231572389602661,-0.2990541458129883,0.9960809946060181,0.5578392148017883,0.5237033367156982,-0.032589394599199295,0.5011222958564758,0.5826466679573059,0.5483563542366028,-0.32873186469078064,0.9917644262313843,0.5557993054389954,0.5524383187294006,-0.04545560106635094,0.5322905778884888,0.5732817053794861,0.5440762639045715,-0.33334678411483765,0.9922773241996765,0.5545129776000977,0.5532700419425964,-0.07010718435049057,0.5509045124053955,0.5732231140136719,0.5378162264823914,-0.29986047744750977,0.9848189949989319,0.5567886233329773,0.5423293709754944,-0.045443095266819,0.5215029120445251,0.6058686375617981,0.5153583288192749,-0.07398562133312225,0.9999726414680481,0.5781766772270203,0.5193295478820801,0.07396267354488373,0.9999445080757141,0.6136014461517334,0.6421906352043152,-0.07448993623256683,0.9845768809318542,0.5886219143867493,0.6451138257980347,0.12377343326807022,0.5998429656028748,0.6179068088531494,0.7811380624771118,-0.028020529076457024,0.9921517372131348,0.5965319275856018,0.7734701037406921,0.2033431977033615,0.8478829264640808,0.6251739263534546,0.8042458295822144,-0.02888770028948784,0.9630976319313049,0.6056317090988159,0.7955154180526733,0.20777162909507751,0.8674672842025757,0.5881445407867432,0.8240392208099365,-0.12394501268863678,0.9936714768409729,0.5696151256561279,0.8053699731826782,0.14534030854701996,0.9268373250961304,5
0.5594337582588196,0.30889880657196045,-0.21390153467655182,0.9999775886535645,0.5595148205757141,0.29527443647384644,-0.2221607118844986,0.9999801516532898,0.561874270439148,0.2930901348590851,-0.22234681248664856,0.9999853372573853,0.5642356276512146,0.2905009090900421,-0.22228722274303436,0.9999865293502808,0.5557889342308044,0.29777806997299194,-0.20179590582847595,0.9999783039093018,0.5548374056816101,0.2979464828968048,-0.20198197662830353,0.9999821782112122,0.5539997220039368,0.2980843186378479,-0.20207621157169342,0.9999807476997375,0.5741500854492188,0.28006377816200256,-0.2140638828277588,0.9999933838844299,0.5619270205497742,0.29262369871139526,-0.11937400698661804,0.999957799911499,0.5667998194694519,0.3130137026309967,-0.20531095564365387,0.9999825954437256,0.5626435875892639,0.3190583884716034,-0.17935453355312347,0.9999592900276184,0.606521725654602,0.3344677686691284,-0.22701439261436462,0.9999985098838806,0.5659210085868835,0.35021504759788513,-0.005256884731352329,0.9999462962150574,0.6105207204818726,0.43730008602142334,-0.2590949833393097,0.9985495805740356,0.568204939365387,0.4459836483001709,0.03395833075046539,0.2084178328514099,0.58944171667099,0.5240519642829895,-0.2887501120567322,0.996258556842804,0.5579290390014648,0.5240294337272644,-0.027710329741239548,0.5435788035392761,0.5855957865715027,0.5501594543457031,-0.31755030155181885,0.9920818209648132,0.5556275248527527,0.5526334047317505,-0.04104573652148247,0.5711719989776611,0.5763906240463257,0.5442318916320801,-0.32226693630218506,0.9925726652145386,0.5544363260269165,0.5534783601760864,-0.06764594465494156,0.5888822078704834,0.5764405131340027,0.537935197353363,-0.28953462839126587,0.9853209853172302,0.5567687749862671,0.5424728989601135,-0.04102494195103645,0.5601429343223572,0.6056933999061584,0.5163295269012451,-0.07408514618873596,0.9999703764915466,0.5786823034286499,0.5193598866462708,0.07405951619148254,0.9999418258666992,0.6138995885848999,0.6422287821769714,-0.06766483932733536,0.9848009347915649,0.5894078612327576,0.6451693177223206,0.1333875209093094,0.6028677821159363,0.6182206273078918,0.7812002301216125,-0.014630633406341076,0.9922916889190674,0.5965314507484436,0.7734054923057556,0.22216157615184784,0.8495212197303772,0.6253638863563538,0.8043632507324219,-0.014627978205680847,0.9626764059066772,0.6056214570999146,0.7953481674194336,0.2278110533952713,0.8665667176246643,0.5891608595848083,0.8240232467651367,-0.10648967325687408,0.9936957359313965,0.5695088505744934,0.8051781058311462,0.17017175257205963,0.9275277853012085,5
0.5602881908416748,0.30868735909461975,-0.20485705137252808,0.9999768137931824,0.5604187250137329,0.29507601261138916,-0.2148229330778122,0.9999783635139465,0.5626640319824219,0.2928920090198517,-0.2150111049413681,0.9999833106994629,0.5650716423988342,0.2903159260749817,-0.214939683675766,0.999984860420227,0.5565969347953796,0.29759231209754944,-0.1958564817905426,0.9999772310256958,0.5557048916816711,0.2977822422981262,-0.19606295228004456,0.9999810457229614,0.554945170879364,0.29793956875801086,-0.1961796134710312,0.999980092048645,0.5752811431884766,0.280057817697525,-0.21018365025520325,0.9999921917915344,0.5632441639900208,0.2925204038619995,-0.11416830122470856,0.9999561905860901,0.5678271055221558,0.3129240572452545,-0.1985105723142624,0.9999813437461853,0.5636776089668274,0.3188117742538452,-0.17421600222587585,0.9999585151672363,0.6084532141685486,0.33464980125427246,-0.2237769067287445,0.9999983906745911,0.5669085383415222,0.350281685590744,-0.003277437062934041,0.9999486804008484,0.6126736402511597,0.43744370341300964,-0.24600273370742798,0.9985119104385376,0.5684087872505188,0.446094274520874,0.03846407309174538,0.23203891515731812,0.5922499299049377,0.5271827578544617,-0.2680487334728241,0.9963489174842834,0.5583169460296631,0.5248348116874695,-0.009199433960020542,0.5820770859718323,0.5884732007980347,0.5540568232536316,-0.2944701910018921,0.9922357797622681,0.5558432936668396,0.552797794342041,-0.020645691081881523,0.6063235402107239,0.5794270634651184,0.546981692314148,-0.29986512660980225,0.9927178621292114,0.5549197793006897,0.5537408590316772,-0.044927697628736496,0.6232308745384216,0.5793173909187317,0.5400697588920593,-0.26894429326057434,0.9855558276176453,0.5572633743286133,0.542926549911499,-0.02148231491446495,0.5950987339019775,0.6056033372879028,0.5187140107154846,-0.07308149337768555,0.9999676942825317,0.5789883136749268,0.5204529166221619,0.07305245846509933,0.9999389052391052,0.6145246028900146,0.6428182721138,-0.04994708672165871,0.9843704104423523,0.5906298756599426,0.6453203558921814,0.1363406777381897,0.5976382493972778,0.6182500123977661,0.7813519239425659,0.00515463063493371,0.9922060966491699,0.5967696309089661,0.7734799981117249,0.21996884047985077,0.8476284146308899,0.6252211928367615,0.8049928545951843,0.005642062984406948,0.9612289667129517,0.6058132648468018,0.795409619808197,0.22533543407917023,0.8625821471214294,0.5883625745773315,0.8240644931793213,-0.0801800861954689,0.9935176968574524,0.569241464138031,0.8049359321594238,0.17125670611858368,0.9268043637275696,5
0.5612245202064514,0.3084554374217987,-0.19757141172885895,0.9999746084213257,0.5616013407707214,0.29491475224494934,-0.20751239359378815,0.9999746680259705,0.5638626217842102,0.29277610778808594,-0.20769771933555603,0.9999796152114868,0.5662747621536255,0.29024314880371094,-0.20762822031974792,0.9999817609786987,0.5573210120201111,0.2973429262638092,-0.18812760710716248,0.9999743700027466,0.5564610362052917,0.2975151538848877,-0.18833445012569427,0.9999784231185913,0.5557454228401184,0.2976510524749756,-0.18845540285110474,0.9999780058860779,0.5765498280525208,0.28000253438949585,-0.20781154930591583,0.9999903440475464,0.5647143125534058,0.29242685437202454,-0.11384318768978119,0.9999523162841797,0.5688800811767578,0.3128216564655304,-0.1915338635444641,0.9999791383743286,0.5645301938056946,0.3186222016811371,-0.16676653921604156,0.9999560117721558,0.6097161173820496,0.3347042202949524,-0.2163826823234558,0.9999982118606567,0.5680190324783325,0.3502005338668823,-0.0018006206955760717,0.9999502897262573,0.6145564913749695,0.43758371472358704,-0.2386527955532074,0.9985190629959106,0.568209707736969,0.44545966386795044,0.04180331900715828,0.26078665256500244,0.5958449244499207,0.5292904376983643,-0.262112557888031,0.9965107440948486,0.5592774152755737,0.5254223942756653,-0.005704411771148443,0.618549108505249,0.593134343624115,0.5575100183486938,-0.2886867821216583,0.9925405979156494,0.5565083622932434,0.5528908967971802,-0.01762222684919834,0.6396751403808594,0.5835222005844116,0.5509998798370361,-0.29459279775619507,0.9930022358894348,0.5563181042671204,0.5539438128471375,-0.0409468412399292,0.6556451320648193,0.5833911299705505,0.5431193113327026,-0.26325783133506775,0.9860820174217224,0.5586932301521301,0.5433249473571777,-0.017664151266217232,0.6285391449928284,0.6058571934700012,0.5208720564842224,-0.07169795036315918,0.9999650120735168,0.5794045329093933,0.5222690105438232,0.07166735827922821,0.9999358057975769,0.6145895719528198,0.643334150314331,-0.04392767325043678,0.9842637181282043,0.5916162133216858,0.6453840136528015,0.13486601412296295,0.6027253270149231,0.6179963946342468,0.7816557884216309,0.01544826291501522,0.9923030138015747,0.5967694520950317,0.7736282348632812,0.21950224041938782,0.850073516368866,0.6253728866577148,0.8053337335586548,0.016262734308838844,0.9605053663253784,0.6058952808380127,0.7956273555755615,0.22506429255008698,0.8623952269554138,0.5891141891479492,0.8240905404090881,-0.0712035745382309,0.9934779405593872,0.5692364573478699,0.804965078830719,0.17006707191467285,0.9279234409332275,5
0.5612564086914062,0.3083561956882477,-0.18754535913467407,0.9999671578407288,0.5620539784431458,0.29484257102012634,-0.1971285045146942,0.9999633431434631,0.564211905002594,0.2926616668701172,-0.1973130702972412,0.9999692440032959,0.5665597915649414,0.2901650071144104,-0.1972508281469345,0.9999728798866272,0.557751476764679,0.29724955558776855,-0.17845335602760315,0.9999649524688721,0.5570545792579651,0.29743465781211853,-0.17866294085979462,0.9999706149101257,0.5564248561859131,0.2975834310054779,-0.1787877380847931,0.9999716281890869,0.577241063117981,0.2799324095249176,-0.19671562314033508,0.9999853372573853,0.5657157897949219,0.29193973541259766,-0.1104375347495079,0.9999405741691589,0.5689340233802795,0.3128001093864441,-0.18136267364025116,0.999973475933075,0.5646425485610962,0.3184796869754791,-0.15757699310779572,0.9999483227729797,0.6108391880989075,0.3351718783378601,-0.2008044272661209,0.9999979734420776,0.5677834153175354,0.3502790033817291,-0.004589926917105913,0.9999514818191528,0.6160258650779724,0.4385203719139099,-0.2165023237466812,0.9984675645828247,0.5679648518562317,0.44516801834106445,0.041792552918195724,0.2940548062324524,0.5993547439575195,0.53147292137146,-0.23768264055252075,0.9966244101524353,0.5595327615737915,0.5261409878730774,-0.006641515530645847,0.6526991724967957,0.5984259247779846,0.5603213310241699,-0.2620986998081207,0.9927562475204468,0.556603193283081,0.5530148148536682,-0.0184645913541317,0.6710067987442017,0.5891120433807373,0.555609941482544,-0.2698502242565155,0.993205726146698,0.5568338632583618,0.5541411638259888,-0.041328564286231995,0.6859690546989441,0.5887177586555481,0.5468158721923828,-0.23949939012527466,0.9864801168441772,0.5592051148414612,0.5440427660942078,-0.018284538760781288,0.6601114869117737,0.6067926287651062,0.5220854878425598,-0.06677234172821045,0.9999626874923706,0.5796910524368286,0.5231707096099854,0.06673996895551682,0.9999336004257202,0.6149386167526245,0.6433709859848022,-0.03826220706105232,0.9831159114837646,0.5918511152267456,0.6454672813415527,0.12754347920417786,0.6070828437805176,0.6181932091712952,0.7817347645759583,0.0193400327116251,0.9920727014541626,0.5967682600021362,0.7736963629722595,0.20497050881385803,0.8522318601608276,0.6255061030387878,0.8055294752120972,0.019883986562490463,0.9576953053474426,0.6058921813964844,0.7957490682601929,0.21003419160842896,0.8603497743606567,0.5902631878852844,0.8241230845451355,-0.06628541648387909,0.9931662678718567,0.5695332288742065,0.804990291595459,0.1561935842037201,0.9289431571960449,5
0.5617069602012634,0.3078278601169586,-0.19627948105335236,0.999965250492096,0.5627896189689636,0.2940968871116638,-0.20428496599197388,0.9999598860740662,0.5649435520172119,0.2918325364589691,-0.20446982979774475,0.9999658465385437,0.5673274993896484,0.2892540395259857,-0.20440565049648285,0.9999698400497437,0.5582901835441589,0.29680103063583374,-0.1860216110944748,0.9999622702598572,0.5575731992721558,0.29702168703079224,-0.186233252286911,0.9999682903289795,0.5568971037864685,0.2972099483013153,-0.18636195361614227,0.9999697208404541,0.5779655575752258,0.2795432507991791,-0.1973186433315277,0.9999834299087524,0.5656541585922241,0.29145318269729614,-0.11088614165782928,0.9999369382858276,0.5695308446884155,0.3124367892742157,-0.18732121586799622,0.9999711513519287,0.564960241317749,0.31775936484336853,-0.16409514844417572,0.9999456405639648,0.61174076795578,0.3355236351490021,-0.2021195888519287,0.9999977350234985,0.567925214767456,0.348847895860672,-0.0065328688360750675,0.9999529719352722,0.6175433397293091,0.43912172317504883,-0.22176307439804077,0.9984457492828369,0.5677917003631592,0.4435964822769165,0.04086253419518471,0.32919278740882874,0.6028355360031128,0.533132791519165,-0.24778063595294952,0.9967421889305115,0.5595840215682983,0.5261932611465454,-0.009279594756662846,0.6843196749687195,0.6034155488014221,0.5621688961982727,-0.27385810017585754,0.9929905533790588,0.556431233882904,0.5529018044471741,-0.020691825076937675,0.7002240419387817,0.5945187211036682,0.5587018132209778,-0.2817443907260895,0.9934316277503967,0.556995153427124,0.5542126297950745,-0.043649595230817795,0.7141662240028381,0.5935656428337097,0.5493698120117188,-0.24986982345581055,0.9869399070739746,0.5596147179603577,0.5442246198654175,-0.021284068003296852,0.6897522211074829,0.6072483062744141,0.5228864550590515,-0.06717398762702942,0.9999604821205139,0.5799512267112732,0.5233242511749268,0.06713780760765076,0.9999317526817322,0.6149305105209351,0.6435211896896362,-0.041250426322221756,0.9828501343727112,0.5919389128684998,0.6455140113830566,0.12946276366710663,0.6147435903549194,0.6182666420936584,0.7819222807884216,0.015711558982729912,0.9922012686729431,0.5967594385147095,0.7737505435943604,0.21272987127304077,0.8566725254058838,0.625688910484314,0.8057615756988525,0.016023680567741394,0.9571532011032104,0.6058860421180725,0.7958401441574097,0.21819527447223663,0.8617815971374512,0.5905532240867615,0.824177622795105,-0.07387883216142654,0.9932002425193787,0.5696294903755188,0.8049964904785156,0.16170842945575714,0.9310556054115295,5
0.5621079206466675,0.3077649772167206,-0.19909530878067017,0.9999579191207886,0.5631864070892334,0.29400384426116943,-0.20783714950084686,0.9999491572380066,0.5652854442596436,0.2917393147945404,-0.20802517235279083,0.9999561905860901,0.5675792694091797,0.2891262173652649,-0.207962766289711,0.9999613761901855,0.5586188435554504,0.2967541217803955,-0.18907925486564636,0.9999527335166931,0.5578904747962952,0.29692548513412476,-0.18928997218608856,0.9999602437019348,0.5571424961090088,0.29709386825561523,-0.18941877782344818,0.9999626874923706,0.5780906081199646,0.2792511284351349,-0.2016718089580536,0.9999788999557495,0.5658167600631714,0.29055142402648926,-0.11338737607002258,0.9999246001243591,0.5698877573013306,0.3122987449169159,-0.19065642356872559,0.9999650716781616,0.5651770234107971,0.31754568219184875,-0.16685159504413605,0.9999366998672485,0.6124534606933594,0.33599257469177246,-0.2032010406255722,0.9999974370002747,0.5679261684417725,0.34626543521881104,-0.009275209158658981,0.9999529719352722,0.6187334656715393,0.4392104744911194,-0.22661885619163513,0.9984232783317566,0.5677937269210815,0.44185274839401245,0.040252525359392166,0.3523658215999603,0.6054123044013977,0.5349186062812805,-0.2519720196723938,0.9968394041061401,0.5596538782119751,0.5260207653045654,-0.009001094847917557,0.7117377519607544,0.6060198545455933,0.5638244152069092,-0.27805882692337036,0.993171751499176,0.5563742518424988,0.5521513223648071,-0.020745543763041496,0.7254052758216858,0.5972861051559448,0.5602084994316101,-0.2857709228992462,0.9936054944992065,0.5571544170379639,0.553494393825531,-0.04399900510907173,0.73858243227005,0.5959137082099915,0.5510160326957703,-0.25394412875175476,0.9872919321060181,0.5598033666610718,0.5440236926078796,-0.020905490964651108,0.7151792645454407,0.6074512600898743,0.523915708065033,-0.06749676167964935,0.9999574422836304,0.5800403356552124,0.5234969854354858,0.06745921075344086,0.9999279379844666,0.6150574088096619,0.643835186958313,-0.035751618444919586,0.9822590351104736,0.5920395255088806,0.645576536655426,0.13439075648784637,0.6169317364692688,0.6183570027351379,0.782389760017395,0.022781988605856895,0.9922441244125366,0.596750795841217,0.7739226818084717,0.21944300830364227,0.8586313128471375,0.6257752776145935,0.8061746954917908,0.023302501067519188,0.9563817381858826,0.6058762669563293,0.7960296869277954,0.22503997385501862,0.8615395426750183,0.590822160243988,0.8242976665496826,-0.06588657945394516,0.9931361675262451,0.5697876811027527,0.8050010204315186,0.16907745599746704,0.9318473935127258,5
0.5624151229858398,0.3066968023777008,-0.20109735429286957,0.9999539256095886,0.5637305974960327,0.29284903407096863,-0.20937426388263702,0.9999427795410156,0.5658982992172241,0.29054009914398193,-0.2095595747232437,0.9999498128890991,0.568192183971405,0.2880052924156189,-0.20949578285217285,0.9999557137489319,0.5590123534202576,0.29577958583831787,-0.19096694886684418,0.9999476671218872,0.5582360625267029,0.2959612011909485,-0.19117608666419983,0.9999557137489319,0.5574429035186768,0.2961484491825104,-0.1912996917963028,0.9999589920043945,0.5784628391265869,0.2786157429218292,-0.2014426589012146,0.9999752044677734,0.5657336711883545,0.2895281910896301,-0.11434932053089142,0.9999176263809204,0.5703966617584229,0.3111683130264282,-0.19192171096801758,0.9999598264694214,0.5653008818626404,0.3161703944206238,-0.16858139634132385,0.9999299645423889,0.6126186847686768,0.33605480194091797,-0.20290663838386536,0.9999971389770508,0.5680335164070129,0.34512877464294434,-0.011327548883855343,0.9999530911445618,0.6196937561035156,0.4393630027770996,-0.22488731145858765,0.998350203037262,0.567886233329773,0.44068875908851624,0.03801901638507843,0.37345632910728455,0.6078097224235535,0.5359371304512024,-0.25207841396331787,0.9968394637107849,0.5595044493675232,0.5252333879470825,-0.009723519906401634,0.7368561029434204,0.6097894310951233,0.5638745427131653,-0.27773475646972656,0.9931612014770508,0.5563005208969116,0.5510067343711853,-0.021570393815636635,0.7484874129295349,0.600721001625061,0.5611095428466797,-0.2861895263195038,0.9936060905456543,0.5569373369216919,0.5520755052566528,-0.044867269694805145,0.7609307765960693,0.5989822745323181,0.5525038838386536,-0.2544316053390503,0.987345814704895,0.5596240162849426,0.543146550655365,-0.021578360348939896,0.7385149598121643,0.6075536012649536,0.5238083600997925,-0.06678029149770737,0.9999537467956543,0.5803962349891663,0.5234712362289429,0.06673923879861832,0.9999237060546875,0.615169107913971,0.6439457535743713,-0.030973907560110092,0.9810786843299866,0.5921618342399597,0.6455270051956177,0.13278427720069885,0.6141858696937561,0.618331253528595,0.7829686403274536,0.024779876694083214,0.9921115636825562,0.5967348217964172,0.7742533087730408,0.21582596004009247,0.8581383228302002,0.6257767081260681,0.8064723014831543,0.025037091225385666,0.9548847079277039,0.605789065361023,0.7964625954627991,0.22111156582832336,0.8588175177574158,0.5910590291023254,0.8243883848190308,-0.06262782961130142,0.9929277300834656,0.5700157284736633,0.8050066828727722,0.16491179168224335,0.9314869046211243,5
0.5628925561904907,0.3054303824901581,-0.19966746866703033,0.999954104423523,0.5645291805267334,0.2913365066051483,-0.20630306005477905,0.9999421834945679,0.5668050646781921,0.28891098499298096,-0.2064831703901291,0.9999489188194275,0.5692196488380432,0.2864633798599243,-0.20641709864139557,0.9999548196792603,0.5594697594642639,0.29453277587890625,-0.18916569650173187,0.9999475479125977,0.5586146116256714,0.2947619557380676,-0.1893777698278427,0.9999554753303528,0.5577720999717712,0.2949674427509308,-0.18950065970420837,0.999958872795105,0.5790064930915833,0.277907133102417,-0.19128963351249695,0.999974250793457,0.565528154373169,0.2889728546142578,-0.11102720350027084,0.9999172687530518,0.5709742307662964,0.3101203441619873,-0.18859998881816864,0.9999579191207886,0.5654998421669006,0.31469646096229553,-0.16677480936050415,0.9999282956123352,0.6127222180366516,0.33609387278556824,-0.1908004730939865,0.9999969005584717,0.5678195953369141,0.3434320390224457,-0.009177109226584435,0.9999536275863647,0.6201900243759155,0.4395090937614441,-0.20742522180080414,0.998283863067627,0.5682497620582581,0.43830281496047974,0.038445353507995605,0.39854395389556885,0.6094222664833069,0.5362799167633057,-0.23341606557369232,0.9968435168266296,0.5594632625579834,0.5225456357002258,-0.00848381221294403,0.7600207328796387,0.6120191812515259,0.5635802745819092,-0.2575301229953766,0.9931826591491699,0.5562218427658081,0.5481953620910645,-0.02025381289422512,0.7699834704399109,0.6030598878860474,0.5610625743865967,-0.26739388704299927,0.9936388731002808,0.5568447709083557,0.5492712259292603,-0.043388232588768005,0.7816479802131653,0.6012370586395264,0.5528722405433655,-0.23634523153305054,0.9875008463859558,0.5595542192459106,0.5410235524177551,-0.02016160823404789,0.7603899836540222,0.6073923707008362,0.5237403512001038,-0.06581378728151321,0.9999507665634155,0.5805431008338928,0.5233935713768005,0.06576873362064362,0.9999205470085144,0.6152050495147705,0.6442741751670837,-0.03458290174603462,0.9808001518249512,0.5922693610191345,0.6454923748970032,0.1269116997718811,0.6189516186714172,0.618464469909668,0.7831510305404663,0.016442185267806053,0.9921964406967163,0.5967239141464233,0.7743420600891113,0.20558300614356995,0.8611375093460083,0.6259962320327759,0.8067553639411926,0.016321785748004913,0.9545973539352417,0.6057402491569519,0.7965489625930786,0.2106315642595291,0.8592496514320374,0.5910780429840088,0.8244121670722961,-0.07075013220310211,0.9929401278495789,0.5702052712440491,0.8050069808959961,0.15718811750411987,0.932849645614624,5
0.5632923245429993,0.3047974407672882,-0.19832108914852142,0.9999540448188782,0.5650231242179871,0.2903834879398346,-0.20485100150108337,0.9999414086341858,0.5672804713249207,0.2879144847393036,-0.2050301432609558,0.9999479055404663,0.5697145462036133,0.2855364978313446,-0.20496416091918945,0.9999538660049438,0.559899091720581,0.293716698884964,-0.18769320845603943,0.9999470710754395,0.5590447783470154,0.2939588129520416,-0.1879052072763443,0.999954879283905,0.5582157373428345,0.2941627502441406,-0.18802577257156372,0.9999584555625916,0.5795353651046753,0.2774006426334381,-0.19029007852077484,0.9999733567237854,0.5657952427864075,0.2883552610874176,-0.10907725244760513,0.9999163150787354,0.5714228749275208,0.3095676302909851,-0.18712691962718964,0.9999560117721558,0.565864622592926,0.3140333592891693,-0.1652015596628189,0.9999262690544128,0.6128677129745483,0.33612537384033203,-0.1910882294178009,0.9999967217445374,0.5679627060890198,0.3418732285499573,-0.009039312601089478,0.999954104423523,0.6204227805137634,0.43953096866607666,-0.2075657695531845,0.9982231259346008,0.568660318851471,0.43642503023147583,0.04240093380212784,0.4187217652797699,0.6106293201446533,0.5367818474769592,-0.2317434698343277,0.9968421459197998,0.5594387054443359,0.5203061699867249,-0.003373455721884966,0.7805642485618591,0.6140735745429993,0.5633860230445862,-0.255710244178772,0.9931831955909729,0.5561969876289368,0.546004593372345,-0.014691244810819626,0.7890000343322754,0.6050569415092468,0.5616466403007507,-0.26572734117507935,0.9936512112617493,0.5567399859428406,0.5469818711280823,-0.038010451942682266,0.800015389919281,0.6029351353645325,0.5539388060569763,-0.23468518257141113,0.9876034259796143,0.5594369173049927,0.5389672517776489,-0.015078583732247353,0.7797316908836365,0.6072322130203247,0.5236937999725342,-0.06591299921274185,0.9999476671218872,0.5807355046272278,0.5233621001243591,0.06586860865354538,0.9999170899391174,0.6153325438499451,0.6445595026016235,-0.03358642756938934,0.9803709387779236,0.5925465226173401,0.645497739315033,0.12663693726062775,0.622115433216095,0.6184632778167725,0.7832344174385071,0.01725633069872856,0.9921897649765015,0.5967195630073547,0.77445387840271,0.20516586303710938,0.8628696799278259,0.626045286655426,0.8068375587463379,0.017099570482969284,0.9538248181343079,0.605735182762146,0.7967059016227722,0.21021465957164764,0.858809232711792,0.5910724997520447,0.8243815898895264,-0.06872673332691193,0.9928762316703796,0.5703312754631042,0.8050064444541931,0.15716566145420074,0.933664858341217,5
0.5636540055274963,0.30424439907073975,-0.19458378851413727,0.9999542236328125,0.5655459761619568,0.2895216643810272,-0.20132054388523102,0.9999410510063171,0.5678036212921143,0.287055104970932,-0.20149776339530945,0.9999473094940186,0.5703679323196411,0.28478366136550903,-0.20143134891986847,0.9999532699584961,0.5602659583091736,0.29296159744262695,-0.1839608997106552,0.9999469518661499,0.5593978762626648,0.2932266294956207,-0.18417052924633026,0.9999546408653259,0.5585660934448242,0.2934494912624359,-0.18428577482700348,0.999958336353302,0.5800459384918213,0.2771317958831787,-0.18784686923027039,0.9999726414680481,0.5659508109092712,0.28793400526046753,-0.10622579604387283,0.9999160170555115,0.5718700885772705,0.30927181243896484,-0.18386802077293396,0.9999545216560364,0.5660882592201233,0.31343913078308105,-0.16176295280456543,0.9999249577522278,0.6129695177078247,0.3361559212207794,-0.18920022249221802,0.999996542930603,0.5679212212562561,0.34182339906692505,-0.008174242451786995,0.9999546408653259,0.6204925775527954,0.4395439028739929,-0.2057313472032547,0.9981740117073059,0.5686920285224915,0.43635293841362,0.04365576058626175,0.4381273090839386,0.6118962168693542,0.5370832681655884,-0.22999152541160583,0.9968501329421997,0.5594061613082886,0.5198056101799011,-0.0023484916891902685,0.7990463376045227,0.6155459880828857,0.5632444620132446,-0.253749817609787,0.9932006001472473,0.556178092956543,0.5454325079917908,-0.013574270531535149,0.8060284852981567,0.6061772704124451,0.5620772838592529,-0.2638167440891266,0.9936764240264893,0.5566971302032471,0.5464366674423218,-0.03670283779501915,0.8164666295051575,0.6039801239967346,0.554775059223175,-0.23296436667442322,0.9877203106880188,0.5593484044075012,0.5383898019790649,-0.013984018005430698,0.797048807144165,0.6071125864982605,0.5236238837242126,-0.06557264924049377,0.9999450445175171,0.5807245969772339,0.5233290195465088,0.06552892178297043,0.9999141097068787,0.6155087947845459,0.645068883895874,-0.03303200751543045,0.9800387620925903,0.5927960276603699,0.6455079317092896,0.12471390515565872,0.6254744529724121,0.6184229254722595,0.7832810282707214,0.017549118027091026,0.9921790361404419,0.5967118144035339,0.7744935154914856,0.2032790333032608,0.864231288433075,0.6259939074516296,0.8068822622299194,0.01737108826637268,0.9530013799667358,0.6057031154632568,0.7967548370361328,0.20837131142616272,0.8580319285392761,0.5910004377365112,0.8242214918136597,-0.06789319217205048,0.9928107261657715,0.5703420042991638,0.8049549460411072,0.15606029331684113,0.934342086315155,5
0.563861608505249,0.303775429725647,-0.1912594586610794,0.999954342842102,0.5659388303756714,0.2887948751449585,-0.1980435848236084,0.9999406933784485,0.568259596824646,0.2863018214702606,-0.19822104275226593,0.9999467134475708,0.5709235668182373,0.28407150506973267,-0.1981552541255951,0.9999526739120483,0.5605003237724304,0.2923652231693268,-0.1804877370595932,0.9999468326568604,0.5596091151237488,0.2926643192768097,-0.18069499731063843,0.9999544024467468,0.558750569820404,0.2929069995880127,-0.18080763518810272,0.9999582171440125,0.5804707407951355,0.27679142355918884,-0.1851966679096222,0.9999720454216003,0.5660054683685303,0.28759950399398804,-0.10323287546634674,0.9999158978462219,0.5721842050552368,0.30895549058914185,-0.18094919621944427,0.999953031539917,0.5660942792892456,0.313039094209671,-0.15866921842098236,0.9999236464500427,0.6131061315536499,0.3361165225505829,-0.187578022480011,0.9999963641166687,0.5678436160087585,0.342164546251297,-0.0059720054268836975,0.999954879283905,0.6204296946525574,0.4395778775215149,-0.20547623932361603,0.9981438517570496,0.5686429142951965,0.4367961287498474,0.044651273638010025,0.4545195400714874,0.6125449538230896,0.5372442603111267,-0.2308076173067093,0.9968602657318115,0.559371292591095,0.5201501846313477,-0.0013520154170691967,0.8153672218322754,0.6159922480583191,0.5632018446922302,-0.2547793686389923,0.9932220578193665,0.5562018156051636,0.5457898378372192,-0.012605521827936172,0.8209987282752991,0.6067724227905273,0.5623897910118103,-0.2645968198776245,0.9937019944190979,0.5566288232803345,0.5468727350234985,-0.03547549620270729,0.8309555053710938,0.6046107411384583,0.5552189350128174,-0.23374228179454803,0.9878371357917786,0.55927574634552,0.5386967658996582,-0.01289264764636755,0.8122564554214478,0.6070179343223572,0.5235879421234131,-0.06533027440309525,0.9999431371688843,0.580614447593689,0.5235033631324768,0.06528785824775696,0.9999117255210876,0.6156134009361267,0.6459757685661316,-0.029594145715236664,0.9799321889877319,0.5930030941963196,0.6455592513084412,0.12491751462221146,0.6289798021316528,0.6184210181236267,0.7833564877510071,0.022728851065039635,0.9922409653663635,0.5966659784317017,0.7745591998100281,0.20440170168876648,0.865778386592865,0.6259410381317139,0.806919515132904,0.022771131247282028,0.9527811408042908,0.6055605411529541,0.7968013882637024,0.2097076028585434,0.8579277992248535,0.5910872220993042,0.8242007493972778,-0.06186387315392494,0.9927998185157776,0.5704825520515442,0.8049340844154358,0.15831615030765533,0.9350358843803406,5
0.564517080783844,0.30336397886276245,-0.19192904233932495,0.9999551773071289,0.5664382576942444,0.2880783677101135,-0.198512002825737,0.9999412298202515,0.5688862204551697,0.28550708293914795,-0.19868969917297363,0.9999470114707947,0.571617066860199,0.2832680642604828,-0.19862370193004608,0.9999527931213379,0.5609058737754822,0.2918819487094879,-0.18078796565532684,0.9999475479125977,0.5599589943885803,0.29224616289138794,-0.18099161982536316,0.999954879283905,0.5590811371803284,0.29253026843070984,-0.1811017543077469,0.9999586343765259,0.5810420513153076,0.276359885931015,-0.18380193412303925,0.9999718070030212,0.5663333535194397,0.2874303460121155,-0.10153359919786453,0.9999164938926697,0.5729433298110962,0.30868756771087646,-0.1812932789325714,0.9999520182609558,0.5666670203208923,0.31286367774009705,-0.1588292419910431,0.9999229907989502,0.6131846308708191,0.3355560302734375,-0.1872248500585556,0.9999962449073792,0.5679221749305725,0.3423757553100586,-0.0015325635904446244,0.9999551177024841,0.6203927993774414,0.43954890966415405,-0.20874740183353424,0.9980922341346741,0.5686115026473999,0.437107652425766,0.04711020737886429,0.46531474590301514,0.6125932931900024,0.5371254682540894,-0.23546342551708221,0.9968066811561584,0.5594740509986877,0.5204857587814331,-0.0002856187638826668,0.8294463157653809,0.6158641576766968,0.563176691532135,-0.25994834303855896,0.9931241869926453,0.5564553737640381,0.5461402535438538,-0.011844192631542683,0.8338920474052429,0.6063458919525146,0.5622173547744751,-0.2685534358024597,0.9936196804046631,0.5566967725753784,0.5470712184906006,-0.0347600094974041,0.8434792757034302,0.6043681502342224,0.555151104927063,-0.2378653883934021,0.9877493977546692,0.5593170523643494,0.538763701915741,-0.011894282884895802,0.8252572417259216,0.6069294214248657,0.5236190557479858,-0.0655757486820221,0.9999412298202515,0.5806053280830383,0.5238559246063232,0.06553373485803604,0.9999094605445862,0.6155614852905273,0.6465252637863159,-0.029610183089971542,0.9798792004585266,0.5929507613182068,0.645622968673706,0.12977512180805206,0.6307054758071899,0.6184653043746948,0.7834070324897766,0.025229183956980705,0.9923128485679626,0.5966241359710693,0.7745587825775146,0.21293309330940247,0.8674429059028625,0.6259377598762512,0.807077944278717,0.02551712654531002,0.9526770114898682,0.6055218577384949,0.7967941164970398,0.2184578776359558,0.8581847548484802,0.5911474823951721,0.8241288065910339,-0.06025531515479088,0.9928039908409119,0.5704915523529053,0.8048712611198425,0.16554518043994904,0.9357168674468994,5
0.564315915107727,0.30248305201530457,-0.19046764075756073,0.9999551773071289,0.5661783218383789,0.28699299693107605,-0.19809143245220184,0.9999409317970276,0.5685425400733948,0.2845974564552307,-0.19826997816562653,0.9999465942382812,0.5711715817451477,0.28249311447143555,-0.19820569455623627,0.9999523758888245,0.5609622597694397,0.290671706199646,-0.17993299663066864,0.9999474883079529,0.5601515173912048,0.29105156660079956,-0.18013671040534973,0.9999547004699707,0.5593796968460083,0.29135066270828247,-0.1802453100681305,0.9999586343765259,0.5807923078536987,0.2754936218261719,-0.1847810596227646,0.9999714493751526,0.5669346451759338,0.2858894467353821,-0.10207800567150116,0.9999165534973145,0.5727670788764954,0.30813097953796387,-0.18127767741680145,0.9999517202377319,0.5667558908462524,0.312093585729599,-0.15824975073337555,0.9999231100082397,0.6132500767707825,0.33472466468811035,-0.18784016370773315,0.9999962449073792,0.5681418180465698,0.34253382682800293,-0.0026025210972875357,0.9999560713768005,0.6203636527061462,0.43926700949668884,-0.20969223976135254,0.9980782270431519,0.5686006546020508,0.4373275935649872,0.04622612148523331,0.47563445568084717,0.6123877763748169,0.5367560982704163,-0.23564225435256958,0.9968260526657104,0.5595312118530273,0.5220363736152649,-0.0015326575376093388,0.8424400091171265,0.6154745221138,0.5628710985183716,-0.2609902620315552,0.9931482672691345,0.5565975308418274,0.5475137233734131,-0.013024684973061085,0.8456516861915588,0.6058529615402222,0.56204754114151,-0.26931193470954895,0.9936436414718628,0.5567172169685364,0.5485146641731262,-0.036110278218984604,0.8548977971076965,0.6039357781410217,0.5549249053001404,-0.2387680560350418,0.9878184199333191,0.5593196153640747,0.5398281812667847,-0.013226523995399475,0.8371498584747314,0.6067208051681519,0.5228079557418823,-0.06574703752994537,0.9999410510063171,0.5805689096450806,0.5237009525299072,0.06570520997047424,0.9999093413352966,0.6155436635017395,0.6466581225395203,-0.03092377260327339,0.9797694087028503,0.5928930640220642,0.6457271575927734,0.13034744560718536,0.630979061126709,0.6184970736503601,0.783432126045227,0.022680222988128662,0.992284893989563,0.5966185331344604,0.7745583057403564,0.21343903243541718,0.8670367002487183,0.6259561777114868,0.8071058392524719,0.02278701402246952,0.9515964388847351,0.6055490970611572,0.796788215637207,0.21893960237503052,0.8565253019332886,0.591202974319458,0.8240110278129578,-0.06297712028026581,0.9927269220352173,0.5704095363616943,0.804764449596405,0.1668388694524765,0.9357081651687622,5
0.5641266107559204,0.3015730381011963,-0.18653541803359985,0.999955415725708,0.5659295916557312,0.2861770689487457,-0.19545984268188477,0.9999411106109619,0.568271815776825,0.2839759290218353,-0.1956370770931244,0.9999465346336365,0.5709454417228699,0.28205981850624084,-0.1955733746290207,0.9999523162841797,0.5609205365180969,0.28959766030311584,-0.1766740381717682,0.9999479651451111,0.5602220892906189,0.28997093439102173,-0.17687882483005524,0.9999549984931946,0.5595356225967407,0.2902872562408447,-0.17698504030704498,0.9999590516090393,0.5805568695068359,0.27487099170684814,-0.18511751294136047,0.999971330165863,0.5673425197601318,0.28453436493873596,-0.10231693834066391,0.9999178051948547,0.572513997554779,0.3075130879878998,-0.17923863232135773,0.9999518394470215,0.5666513442993164,0.310884565114975,-0.15540839731693268,0.9999241232872009,0.6131600141525269,0.3343198001384735,-0.192019522190094,0.9999962449073792,0.568301796913147,0.3426499664783478,-0.0026171987410634756,0.9999574422836304,0.6204376816749573,0.4387873709201813,-0.21124492585659027,0.9980637431144714,0.5683352947235107,0.43744465708732605,0.04615401476621628,0.4857604205608368,0.611863911151886,0.5362433791160583,-0.2373575121164322,0.9968405961990356,0.5596598386764526,0.5236709117889404,0.0004469775303732604,0.8546123504638672,0.6147385835647583,0.5624291300773621,-0.2618371546268463,0.993158757686615,0.5566061735153198,0.5495343208312988,-0.010422724299132824,0.8567467331886292,0.6051198840141296,0.5617488026618958,-0.27048033475875854,0.9936531782150269,0.5569878220558167,0.5503535866737366,-0.03342905268073082,0.8656278252601624,0.6032447218894958,0.5546094179153442,-0.24006853997707367,0.9878551959991455,0.5597381591796875,0.5412334203720093,-0.011191082186996937,0.8484063148498535,0.6062173247337341,0.5215389132499695,-0.06638465821743011,0.9999409317970276,0.5805625319480896,0.5233115553855896,0.06634200364351273,0.999909520149231,0.6154754757881165,0.6467009782791138,-0.03056417591869831,0.9795608520507812,0.5928714275360107,0.6457399725914001,0.1322629600763321,0.627413809299469,0.6185289025306702,0.7834643721580505,0.02202758938074112,0.9922711253166199,0.5966266393661499,0.7743238806724548,0.21586593985557556,0.864912211894989,0.6260000467300415,0.8073357343673706,0.022068284451961517,0.9508477449417114,0.6056858897209167,0.7965341806411743,0.2214926779270172,0.8542410135269165,0.5912017226219177,0.8239985108375549,-0.06278570741415024,0.9926780462265015,0.5703949332237244,0.8046598434448242,0.17125603556632996,0.9351445436477661,5
0.564060628414154,0.3007792830467224,-0.18440240621566772,0.9999536275863647,0.5657846331596375,0.2854943871498108,-0.19371218979358673,0.9999382495880127,0.5680885910987854,0.2834063172340393,-0.1938905417919159,0.999943733215332,0.5707911252975464,0.28160300850868225,-0.19382673501968384,0.9999499320983887,0.560858964920044,0.2887662649154663,-0.17497053742408752,0.9999457597732544,0.5602092742919922,0.28912830352783203,-0.17517729103565216,0.999953031539917,0.5595475435256958,0.2894415259361267,-0.17528679966926575,0.9999575018882751,0.580398678779602,0.2739503085613251,-0.18638105690479279,0.9999698400497437,0.567375123500824,0.28344598412513733,-0.1024082824587822,0.9999155402183533,0.5723516941070557,0.30685001611709595,-0.1774367392063141,0.9999500513076782,0.5665527582168579,0.3096822500228882,-0.15364988148212433,0.9999222159385681,0.6131124496459961,0.333832323551178,-0.19261246919631958,0.9999962449073792,0.568254292011261,0.34261029958724976,-0.0029715776909142733,0.9999581575393677,0.6204420328140259,0.4383242726325989,-0.2125421166419983,0.9980405569076538,0.5674927234649658,0.43750444054603577,0.046136368066072464,0.49269747734069824,0.6113020181655884,0.5358051657676697,-0.23617097735404968,0.996854305267334,0.5596563816070557,0.5254801511764526,0.0009217417100444436,0.8646134734153748,0.613902747631073,0.5622513890266418,-0.2600189447402954,0.9931727647781372,0.5565739870071411,0.5518028736114502,-0.009941336698830128,0.865635871887207,0.6043519973754883,0.5616014003753662,-0.26888900995254517,0.9936680197715759,0.5569835901260376,0.5525621771812439,-0.032622598111629486,0.8743307590484619,0.602543830871582,0.5542559027671814,-0.23868638277053833,0.9878968596458435,0.5597860813140869,0.5431471467018127,-0.010550609789788723,0.857342004776001,0.6053861975669861,0.5211288928985596,-0.06640110909938812,0.9999411106109619,0.5803704857826233,0.5232385396957397,0.06635904312133789,0.9999100565910339,0.6154024004936218,0.6468245983123779,-0.023795941844582558,0.9789817333221436,0.5925018191337585,0.6457494497299194,0.1324876993894577,0.6252875924110413,0.6185957193374634,0.783481240272522,0.03210403025150299,0.9921766519546509,0.596632719039917,0.7742929458618164,0.2152867466211319,0.863746166229248,0.626078724861145,0.8075717091560364,0.03245658800005913,0.9495126008987427,0.6058211922645569,0.7965295910835266,0.22081001102924347,0.8522149920463562,0.5911728739738464,0.8239105343818665,-0.052314888685941696,0.9925534725189209,0.5704124569892883,0.8045920133590698,0.1694517880678177,0.9349117875099182,5
0.5640200972557068,0.3006216883659363,-0.18660472333431244,0.9999523758888245,0.5656691193580627,0.2851584553718567,-0.19703294336795807,0.9999364018440247,0.5679467916488647,0.2830488979816437,-0.19721528887748718,0.9999417662620544,0.5706184506416321,0.2812378704547882,-0.19715093076229095,0.999948263168335,0.5607863068580627,0.28840115666389465,-0.17869220674037933,0.9999442100524902,0.5601354241371155,0.28874334692955017,-0.17890410125255585,0.9999514818191528,0.5594589114189148,0.2890402674674988,-0.17901696264743805,0.9999561905860901,0.5802704691886902,0.27325594425201416,-0.19229936599731445,0.9999687075614929,0.5673123002052307,0.2826824188232422,-0.10841263830661774,0.9999136924743652,0.572222888469696,0.30673274397850037,-0.17996184527873993,0.9999479055404663,0.566482424736023,0.3096596300601959,-0.15675607323646545,0.9999198317527771,0.6130387187004089,0.3337666392326355,-0.19762302935123444,0.9999961853027344,0.5678825378417969,0.3416534960269928,-0.009845077060163021,0.9999580979347229,0.6203907132148743,0.4383447766304016,-0.21947716176509857,0.998043417930603,0.566584587097168,0.43755802512168884,0.03714447095990181,0.4945666491985321,0.6111952662467957,0.5354894399642944,-0.24335245788097382,0.9968989491462708,0.5595830082893372,0.5286084413528442,-0.0018951254896819592,0.8716753721237183,0.6136206388473511,0.5622153282165527,-0.2671958804130554,0.9932576417922974,0.556452751159668,0.5550380945205688,-0.0122684920206666,0.8714529871940613,0.6038903594017029,0.5615148544311523,-0.27597829699516296,0.9937539100646973,0.5569621324539185,0.5559180378913879,-0.033822063356637955,0.8802865743637085,0.6021534204483032,0.5539048314094543,-0.24582217633724213,0.9880712032318115,0.5597723722457886,0.5462746024131775,-0.0128115713596344,0.8631025552749634,0.6052223443984985,0.5213856101036072,-0.06601259112358093,0.9999414086341858,0.5800232291221619,0.5236843824386597,0.06597140431404114,0.9999104738235474,0.615166425704956,0.6476056575775146,-0.012081369757652283,0.9783200025558472,0.591367781162262,0.6462199687957764,0.13450543582439423,0.6238827109336853,0.6186411380767822,0.7835052609443665,0.04928534850478172,0.9920566082000732,0.5966346263885498,0.7742741107940674,0.21664391458034515,0.8629899024963379,0.6261847019195557,0.8078267574310303,0.05026740953326225,0.9482933282852173,0.6059000492095947,0.7964041829109192,0.22213833034038544,0.8506161570549011,0.5911691784858704,0.8238332867622375,-0.03273754566907883,0.9924172163009644,0.5704603791236877,0.8045625686645508,0.1707850843667984,0.9347976446151733,5
