x_0,y_0,z_0,vis_0,x_1,y_1,z_1,vis_1,x_2,y_2,z_2,vis_2,x_3,y_3,z_3,vis_3,x_4,y_4,z_4,vis_4,x_5,y_5,z_5,vis_5,x_6,y_6,z_6,vis_6,x_7,y_7,z_7,vis_7,x_8,y_8,z_8,vis_8,x_9,y_9,z_9,vis_9,x_10,y_10,z_10,vis_10,x_11,y_11,z_11,vis_11,x_12,y_12,z_12,vis_12,x_13,y_13,z_13,vis_13,x_14,y_14,z_14,vis_14,x_15,y_15,z_15,vis_15,x_16,y_16,z_16,vis_16,x_17,y_17,z_17,vis_17,x_18,y_18,z_18,vis_18,x_19,y_19,z_19,vis_19,x_20,y_20,z_20,vis_20,x_21,y_21,z_21,vis_21,x_22,y_22,z_22,vis_22,x_23,y_23,z_23,vis_23,x_24,y_24,z_24,vis_24,x_25,y_25,z_25,vis_25,x_26,y_26,z_26,vis_26,x_27,y_27,z_27,vis_27,x_28,y_28,z_28,vis_28,x_29,y_29,z_29,vis_29,x_30,y_30,z_30,vis_30,x_31,y_31,z_31,vis_31,x_32,y_32,z_32,vis_32,label
0.5512019991874695,0.312087744474411,-0.08442503958940506,0.999803364276886,0.5517423152923584,0.30027270317077637,-0.09467446058988571,0.9996769428253174,0.5537260174751282,0.29812437295913696,-0.09484003484249115,0.9997316598892212,0.555730938911438,0.295609712600708,-0.09478207677602768,0.9997557997703552,0.5490971803665161,0.30230429768562317,-0.0744313895702362,0.9997008442878723,0.548913836479187,0.3024775981903076,-0.07459747046232224,0.9997615218162537,0.5485730767250061,0.30270135402679443,-0.07469042390584946,0.9997833371162415,0.5659014582633972,0.28907325863838196,-0.10394780337810516,0.9998744130134583,0.5567948222160339,0.2989101707935333,-0.011119168251752853,0.9996138215065002,0.5596771836280823,0.31812164187431335,-0.08388173580169678,0.9998417496681213,0.5559296011924744,0.32152897119522095,-0.058123961091041565,0.999733567237854,0.6004229784011841,0.341787725687027,-0.14411497116088867,0.9999961256980896,0.5571668148040771,0.3673144280910492,0.06843294203281403,0.9999545216560364,0.6096246838569641,0.4451702833175659,-0.20217207074165344,0.9960048198699951,0.5506208539009094,0.4582669138908386,0.10184696316719055,0.3664950132369995,0.5877131223678589,0.5210792422294617,-0.24874387681484222,0.9951978325843811,0.5363972783088684,0.5287900567054749,0.04776716232299805,0.9124036431312561,0.5864153504371643,0.5486195087432861,-0.27581173181533813,0.99112468957901,0.5319817662239075,0.554802656173706,0.03784657642245293,0.9144887924194336,0.5773482918739319,0.5441774725914001,-0.2786717414855957,0.9915732741355896,0.5315262675285339,0.5544931292533875,0.016679557040333748,0.921873152256012,0.5767754912376404,0.5370790362358093,-0.24947558343410492,0.9829884171485901,0.5347971320152283,0.5464287400245667,0.03640693053603172,0.90533447265625,0.5909590125083923,0.5296493172645569,-0.07142627984285355,0.9999585151672363,0.5662726759910583,0.5334259867668152,0.07141239941120148,0.9999406933784485,0.5833044648170471,0.6538114547729492,-0.011894653551280499,0.9424593448638916,0.5701390504837036,0.6541449427604675,0.13478973507881165,0.6278889179229736,0.6058758497238159,0.7654010057449341,0.10884977132081985,0.9618593454360962,0.5920851230621338,0.7640756964683533,0.21655893325805664,0.8107547760009766,0.6178499460220337,0.7774710655212402,0.11747844517230988,0.8292532563209534,0.6005653738975525,0.7803758382797241,0.2226123809814453,0.8182384967803955,0.5857611894607544,0.8140333294868469,0.06978043913841248,0.9613161683082581,0.5651019811630249,0.7953816652297974,0.1867334395647049,0.8989356160163879,5
0.5497203469276428,0.31213250756263733,-0.08652858436107635,0.9998102784156799,0.5502578020095825,0.3002784550189972,-0.09578871726989746,0.9996876120567322,0.5523185729980469,0.2980765998363495,-0.09597218781709671,0.9997403621673584,0.5543394684791565,0.2955752909183502,-0.09594118595123291,0.9997631907463074,0.5476377010345459,0.3025158643722534,-0.0746598020195961,0.9997105598449707,0.5474050045013428,0.3027219772338867,-0.0748131275177002,0.9997695088386536,0.547035276889801,0.30296483635902405,-0.07488548010587692,0.9997910261154175,0.5646297335624695,0.2890416085720062,-0.10812045633792877,0.9998776912689209,0.5549343824386597,0.29940173029899597,-0.011540242470800877,0.9996272325515747,0.5582380294799805,0.3181123435497284,-0.08787093311548233,0.9998466968536377,0.5543891191482544,0.32151010632514954,-0.06141176074743271,0.9997425675392151,0.5991730093955994,0.3429770767688751,-0.14740434288978577,0.9999961853027344,0.5560559034347534,0.36727824807167053,0.0637369230389595,0.9999570250511169,0.6093695163726807,0.44518205523490906,-0.20416435599327087,0.9956232309341431,0.5491687655448914,0.4582214057445526,0.10078427195549011,0.37369421124458313,0.5883835554122925,0.5231851935386658,-0.2529708445072174,0.9948616623878479,0.5353708267211914,0.5298789143562317,0.04344601929187775,0.9171627759933472,0.5900697708129883,0.5510287880897522,-0.28025972843170166,0.9906966686248779,0.5312028527259827,0.5552915930747986,0.03284544497728348,0.9189906120300293,0.5813263654708862,0.547873318195343,-0.28403058648109436,0.9911594390869141,0.5305983424186707,0.5550223588943481,0.011312371119856834,0.9260562062263489,0.5801206827163696,0.5406485795974731,-0.2541634142398834,0.9822716116905212,0.5337246656417847,0.5472445487976074,0.03185039386153221,0.9101272821426392,0.5902060270309448,0.5309333801269531,-0.07121267169713974,0.9999605417251587,0.5663372278213501,0.5341107249259949,0.07120343297719955,0.9999443888664246,0.5759552121162415,0.6524919867515564,-0.012859991751611233,0.9338265061378479,0.5690664649009705,0.6523314118385315,0.13364465534687042,0.6189906001091003,0.5997180938720703,0.7604189515113831,0.10157445073127747,0.9544990658760071,0.5902198553085327,0.7624300122261047,0.20329615473747253,0.8051594495773315,0.6127825975418091,0.772773265838623,0.10952828079462051,0.8144850134849548,0.6005250811576843,0.7797154188156128,0.20832081139087677,0.8144885301589966,0.579630434513092,0.8107666969299316,0.061485834419727325,0.9551950693130493,0.5652223229408264,0.7963831424713135,0.17814013361930847,0.895296037197113,5
0.5476802587509155,0.31204065680503845,-0.0882885530591011,0.9998149871826172,0.5479370951652527,0.3002544343471527,-0.10081541538238525,0.9996936917304993,0.549732506275177,0.29803821444511414,-0.10100623965263367,0.9997460842132568,0.5515564680099487,0.29555949568748474,-0.10099681466817856,0.9997686147689819,0.5460034608840942,0.30249083042144775,-0.07764716446399689,0.9997154474258423,0.5458961129188538,0.3026818335056305,-0.07780138403177261,0.9997742176055908,0.5456397533416748,0.3028964400291443,-0.07786573469638824,0.9997960925102234,0.5627080798149109,0.2890089452266693,-0.12609684467315674,0.9998813271522522,0.5537342429161072,0.29930269718170166,-0.024525562301278114,0.9996387958526611,0.555755078792572,0.3181034326553345,-0.09506727755069733,0.9998536705970764,0.5526883006095886,0.3213583827018738,-0.06682385504245758,0.9997542500495911,0.5978872776031494,0.3441080152988434,-0.16398845613002777,0.9999963641166687,0.5548832416534424,0.3674727976322174,0.05173483118414879,0.9999600052833557,0.6092569231987,0.4451961815357208,-0.22222408652305603,0.9952778220176697,0.547716498374939,0.45832088589668274,0.09127447009086609,0.385998010635376,0.5905911922454834,0.5255483984947205,-0.2673872411251068,0.9945054650306702,0.5344682335853577,0.531894862651825,0.04130125045776367,0.9223644137382507,0.5936060547828674,0.5543251633644104,-0.29430925846099854,0.9902032613754272,0.5302093625068665,0.5561234354972839,0.031124655157327652,0.923801839351654,0.5865568518638611,0.5528576970100403,-0.29767704010009766,0.9906479120254517,0.5297139286994934,0.555697500705719,0.009297501295804977,0.9305025339126587,0.5846019983291626,0.5445849895477295,-0.2683359980583191,0.9813328981399536,0.5329203009605408,0.5483331084251404,0.02964279241859913,0.9152759313583374,0.5896759033203125,0.5309014320373535,-0.07112590223550797,0.9999630451202393,0.5663613080978394,0.5341660380363464,0.07109928876161575,0.9999484419822693,0.5644077062606812,0.6460647583007812,-0.025059988722205162,0.92735755443573,0.5699953436851501,0.6497112512588501,0.1270860880613327,0.6162338256835938,0.5890530347824097,0.7571768760681152,0.09177699685096741,0.9479817152023315,0.5837007761001587,0.7643227577209473,0.18307599425315857,0.8055917024612427,0.6036388278007507,0.7696402668952942,0.1031474843621254,0.800736129283905,0.5966625809669495,0.7827656269073486,0.18664687871932983,0.8150859475135803,0.5683889985084534,0.8074998259544373,0.047541312873363495,0.9501820802688599,0.5633499026298523,0.8004167079925537,0.15606752038002014,0.8955571055412292,5
0.5456892848014832,0.3119472861289978,-0.10882275551557541,0.9998313188552856,0.546306312084198,0.2998296916484833,-0.11698057502508163,0.9997207522392273,0.5481939315795898,0.29767799377441406,-0.1171410009264946,0.9997682571411133,0.5499765872955322,0.2953193187713623,-0.11710279434919357,0.9997888803482056,0.5437687635421753,0.30237045884132385,-0.09681384265422821,0.9997409582138062,0.5434454679489136,0.30261120200157166,-0.09698284417390823,0.9997942447662354,0.5430089831352234,0.3028497099876404,-0.09705711156129837,0.9998142123222351,0.5611099600791931,0.2889809310436249,-0.12523238360881805,0.9998911619186401,0.550774335861206,0.2992922365665436,-0.03111392818391323,0.9996696710586548,0.5535848736763,0.31810763478279114,-0.10738508403301239,0.9998658299446106,0.5498390197753906,0.3212943971157074,-0.08190413564443588,0.9997748136520386,0.5956050753593445,0.3440585434436798,-0.1586635559797287,0.9999964833259583,0.5529962778091431,0.36741772294044495,0.053061384707689285,0.9999622702598572,0.6076309084892273,0.44584694504737854,-0.21253103017807007,0.9952592253684998,0.5461175441741943,0.4582977294921875,0.09038139879703522,0.3934028446674347,0.5923879742622375,0.531505823135376,-0.2524745762348175,0.99434894323349,0.5331551432609558,0.5316507816314697,0.03629322722554207,0.9261942505836487,0.5956270098686218,0.5594001412391663,-0.28014013171195984,0.9899165034294128,0.529036283493042,0.5561202764511108,0.028223436325788498,0.9273591637611389,0.5884913206100464,0.5578058362007141,-0.2820107638835907,0.9903860688209534,0.5283096432685852,0.5556841492652893,0.005529617425054312,0.9337525963783264,0.5864695906639099,0.5487895011901855,-0.2528251111507416,0.9810388684272766,0.5316604971885681,0.5482643246650696,0.024620691314339638,0.9188575744628906,0.5876506567001343,0.5308118462562561,-0.07258609682321548,0.99996417760849,0.5662577152252197,0.5338506698608398,0.07251518219709396,0.9999502301216125,0.5606022477149963,0.644964337348938,-0.07404777407646179,0.9275956153869629,0.5693156719207764,0.6452524662017822,0.1140633374452591,0.5922717452049255,0.5781875848770142,0.760458767414093,-0.019674645736813545,0.9491525292396545,0.5847528576850891,0.764283299446106,0.16379210352897644,0.794564425945282,0.5909453630447388,0.776020884513855,-0.017967430874705315,0.8076355457305908,0.5968323349952698,0.7828342318534851,0.1664920151233673,0.8089562654495239,0.5524546504020691,0.8110663294792175,-0.0770450159907341,0.9521681666374207,0.562964141368866,0.8009695410728455,0.13234810531139374,0.8910624384880066,5
0.5445299744606018,0.3117779791355133,-0.11403000354766846,0.9998477101325989,0.5452587604522705,0.2993238866329193,-0.12138120830059052,0.9997479319572449,0.5470301508903503,0.29729288816452026,-0.12152454257011414,0.9997907280921936,0.5487945079803467,0.29491597414016724,-0.12146937847137451,0.9998093247413635,0.5424196720123291,0.30214935541152954,-0.10185326635837555,0.9997662901878357,0.5419623255729675,0.30245593190193176,-0.10201902687549591,0.9998143315315247,0.5413984060287476,0.30273979902267456,-0.1020897924900055,0.9998323321342468,0.5596811771392822,0.2886573374271393,-0.1252390295267105,0.999901533126831,0.548664927482605,0.29925084114074707,-0.033637721091508865,0.9997016787528992,0.5524547100067139,0.3180616497993469,-0.11124143749475479,0.999878466129303,0.548418402671814,0.32126879692077637,-0.08631940186023712,0.9997960925102234,0.5934202671051025,0.3451279103755951,-0.1566126048564911,0.9999966621398926,0.5518032312393188,0.36757001280784607,0.05353725701570511,0.9999645948410034,0.6060045957565308,0.4465844929218292,-0.20707719027996063,0.9953527450561523,0.5444322228431702,0.4591609835624695,0.0897454097867012,0.3956236243247986,0.5929552316665649,0.5338807106018066,-0.24852123856544495,0.9939557313919067,0.5310996174812317,0.5326235890388489,0.034622445702552795,0.9292635917663574,0.596439778804779,0.5615158677101135,-0.2747916877269745,0.9892205595970154,0.5272963643074036,0.5570338368415833,0.027507053688168526,0.9301154613494873,0.5890861749649048,0.5599008798599243,-0.27929753065109253,0.9897260069847107,0.5267623066902161,0.5567593574523926,0.004423919133841991,0.9362438321113586,0.5869128704071045,0.5506670475006104,-0.24988940358161926,0.9801220297813416,0.5298105478286743,0.549592912197113,0.023000875487923622,0.9213693141937256,0.5833365321159363,0.5320163369178772,-0.07652755826711655,0.9999637007713318,0.5655311346054077,0.5339012145996094,0.07641441375017166,0.9999487996101379,0.5554087162017822,0.6457104086875916,-0.10063836723566055,0.9317417144775391,0.5675110220909119,0.641821563243866,0.14499469101428986,0.5488942265510559,0.5657533407211304,0.7762199640274048,-0.09268735349178314,0.9528562426567078,0.5853002071380615,0.7621741890907288,0.2148919701576233,0.7644311189651489,0.5792215466499329,0.7952807545661926,-0.09595564007759094,0.8222494125366211,0.5963736772537231,0.7826185822486877,0.21947988867759705,0.7948907613754272,0.5339698791503906,0.8161106705665588,-0.16451266407966614,0.9559833407402039,0.5571606159210205,0.7941121459007263,0.19417323172092438,0.8770755529403687,5
0.5426986813545227,0.31175675988197327,-0.0968327596783638,0.9998627305030823,0.5435541272163391,0.29919305443763733,-0.10314714163541794,0.9997727870941162,0.5453054308891296,0.2972121834754944,-0.10326549410820007,0.9998113512992859,0.5470077395439148,0.2948792278766632,-0.10320237278938293,0.999828040599823,0.5407130122184753,0.3020545542240143,-0.0847039595246315,0.9997894167900085,0.5402357578277588,0.3023453950881958,-0.08486564457416534,0.9998326897621155,0.5396493673324585,0.3026042580604553,-0.08492103964090347,0.9998489022254944,0.5577803254127502,0.28863850235939026,-0.10594001412391663,0.9999111294746399,0.5466262102127075,0.299226850271225,-0.019317500293254852,0.9997310638427734,0.5503411889076233,0.31806257367134094,-0.09383683651685715,0.999890148639679,0.5462700724601746,0.321248859167099,-0.07040851563215256,0.9998157620429993,0.5913153886795044,0.34530121088027954,-0.13873913884162903,0.9999968409538269,0.5501204133033752,0.36800286173820496,0.061804480850696564,0.999966561794281,0.6039028763771057,0.4465838372707367,-0.19298338890075684,0.9956573247909546,0.5430984497070312,0.45977675914764404,0.09279980510473251,0.40533801913261414,0.5940128564834595,0.5333195328712463,-0.23602674901485443,0.9941431879997253,0.5295015573501587,0.5333471894264221,0.043031368404626846,0.9325559735298157,0.598835289478302,0.5612802505493164,-0.2598765790462494,0.9895172715187073,0.526045024394989,0.5576983094215393,0.03625599667429924,0.9330034255981445,0.5909625291824341,0.5596089959144592,-0.2657754719257355,0.9900089502334595,0.5254294276237488,0.5575019717216492,0.015146641992032528,0.9388341307640076,0.5882524251937866,0.5502427220344543,-0.23816749453544617,0.9808624386787415,0.5282010436058044,0.5505328178405762,0.032160304486751556,0.9242933988571167,0.579120397567749,0.5319672226905823,-0.07597119361162186,0.9999638199806213,0.5636804699897766,0.5338971614837646,0.0758650153875351,0.9999474883079529,0.5498741865158081,0.6460835337638855,-0.10739206522703171,0.9375805854797363,0.5659819841384888,0.6406909227371216,0.1400667130947113,0.5192427635192871,0.5535607933998108,0.7855632305145264,-0.11671040207147598,0.9571284651756287,0.5856627225875854,0.7619186639785767,0.20925575494766235,0.7503747344017029,0.5659878849983215,0.8078938722610474,-0.12155713140964508,0.8384702801704407,0.5964778661727905,0.7826136946678162,0.212242990732193,0.7928115725517273,0.5192135572433472,0.8200719356536865,-0.18824011087417603,0.9600557684898376,0.5573349595069885,0.7927102446556091,0.18387632071971893,0.8733392357826233,5
0.5401367545127869,0.3119024336338043,-0.06788815557956696,0.9998763203620911,0.5414501428604126,0.2991830110549927,-0.07459791004657745,0.9997952580451965,0.5433740615844727,0.2971973717212677,-0.07471588999032974,0.9998300075531006,0.5452356338500977,0.2949047088623047,-0.07464571297168732,0.999845027923584,0.5386755466461182,0.3020409047603607,-0.05663762241601944,0.9998103380203247,0.5383263230323792,0.3023201823234558,-0.05680084228515625,0.9998493194580078,0.5378689169883728,0.3025621473789215,-0.05685211345553398,0.9998639225959778,0.556263267993927,0.28908252716064453,-0.08039745688438416,0.9999198317527771,0.5452277660369873,0.29922810196876526,0.003020447213202715,0.9997577667236328,0.5479459166526794,0.3185517489910126,-0.06636906415224075,0.9999008178710938,0.5438604950904846,0.321353942155838,-0.04359455406665802,0.9998337030410767,0.5888882875442505,0.3462819457054138,-0.11592630296945572,0.9999970197677612,0.5475620627403259,0.368789404630661,0.07441326975822449,0.9999687075614929,0.601222038269043,0.44692009687423706,-0.17444047331809998,0.9959450364112854,0.5412065386772156,0.4611973464488983,0.09730667620897293,0.42590516805648804,0.5940361618995667,0.5327927470207214,-0.21960121393203735,0.9943795800209045,0.5276349782943726,0.5351167321205139,0.0470234677195549,0.9373555779457092,0.5988898873329163,0.5608857274055481,-0.24208545684814453,0.9899570345878601,0.5245645642280579,0.5595178008079529,0.04005887731909752,0.9376012086868286,0.5912867188453674,0.5596269369125366,-0.24789956212043762,0.9904245138168335,0.5240854620933533,0.5590543746948242,0.01994081772863865,0.9429944157600403,0.5886850357055664,0.5498476624488831,-0.22171595692634583,0.9818374514579773,0.5267014503479004,0.5521095395088196,0.03651228919625282,0.9293392300605774,0.5772693157196045,0.5304475426673889,-0.07458433508872986,0.9999653697013855,0.5607654452323914,0.5336016416549683,0.07447251677513123,0.9999492168426514,0.5462436676025391,0.6470065116882324,-0.10134977847337723,0.9433647394180298,0.5615648031234741,0.6417586803436279,0.09897177666425705,0.5213209986686707,0.541246771812439,0.791700541973114,-0.1301952302455902,0.9612905383110046,0.5857582092285156,0.7631083726882935,0.1434360295534134,0.7593382000923157,0.5508456826210022,0.8172585368156433,-0.13751378655433655,0.8540629744529724,0.598164439201355,0.784194827079773,0.14537911117076874,0.8032779693603516,0.5020090341567993,0.8204199075698853,-0.20860406756401062,0.9639434814453125,0.5567960143089294,0.7927890419960022,0.11719906330108643,0.8799437880516052,5
0.53830486536026,0.31262433528900146,-0.06554435938596725,0.9998885989189148,0.5395781993865967,0.29931268095970154,-0.07280602306127548,0.9998156428337097,0.5415785908699036,0.2973080277442932,-0.07292861491441727,0.9998469352722168,0.5434669256210327,0.29508617520332336,-0.07285666465759277,0.9998604655265808,0.5366365909576416,0.3022059500217438,-0.0539657399058342,0.9998292326927185,0.5362159013748169,0.3024632930755615,-0.05412717163562775,0.9998643398284912,0.5357064008712769,0.3026832938194275,-0.054173801094293594,0.9998774528503418,0.5542556643486023,0.289669394493103,-0.07889563590288162,0.999927818775177,0.5433725118637085,0.29961803555488586,0.00843504536896944,0.9997818470001221,0.546161413192749,0.3194463551044464,-0.06401573866605759,0.9999105930328369,0.5419700145721436,0.3221503496170044,-0.04004976898431778,0.9998500943183899,0.5861107110977173,0.3469352126121521,-0.1170683205127716,0.9999972581863403,0.5461536049842834,0.369492769241333,0.08596263080835342,0.9999706149101257,0.5985491871833801,0.4472518861293793,-0.17295652627944946,0.9962713718414307,0.5397935509681702,0.4624788463115692,0.11225291341543198,0.4351159930229187,0.5942768454551697,0.5348206758499146,-0.21106892824172974,0.9946882128715515,0.5262378454208374,0.5362108945846558,0.06167290732264519,0.9405221343040466,0.6002870798110962,0.5620205998420715,-0.23276259005069733,0.9904784560203552,0.5231249928474426,0.5606417655944824,0.05617200955748558,0.9406177997589111,0.5923186540603638,0.561660885810852,-0.23832741379737854,0.9909100532531738,0.5225710272789001,0.5601063966751099,0.035558246076107025,0.9456590414047241,0.5890279412269592,0.551867663860321,-0.21279504895210266,0.982906699180603,0.5251694321632385,0.553170919418335,0.05092428997159004,0.9326633214950562,0.5705821514129639,0.5304344892501831,-0.07561133801937103,0.9999666213989258,0.5579025149345398,0.5335765480995178,0.07550205290317535,0.9999496340751648,0.5425443053245544,0.6484060287475586,-0.10862155258655548,0.9488825798034668,0.5603509545326233,0.6422442197799683,0.11138713359832764,0.5223015546798706,0.5300090909004211,0.7942250967025757,-0.16071711480617523,0.9651281833648682,0.5861088037490845,0.7631634473800659,0.16878642141819,0.7698795199394226,0.5380861163139343,0.8248823285102844,-0.17034955322742462,0.868499755859375,0.5996047854423523,0.7849836945533752,0.1721324771642685,0.8156893253326416,0.4895458519458771,0.8194338083267212,-0.2440088540315628,0.9675173163414001,0.5561721920967102,0.7928391098976135,0.14094124734401703,0.8869552612304688,5
0.5355970859527588,0.31538933515548706,-0.07195223867893219,0.9998995065689087,0.5372692346572876,0.30217334628105164,-0.08072207868099213,0.9998338222503662,0.5392724871635437,0.3003869652748108,-0.0808541551232338,0.999862015247345,0.5412057042121887,0.2982402741909027,-0.08078356832265854,0.9998741745948792,0.534512460231781,0.3041722774505615,-0.061039697378873825,0.9998461604118347,0.5341605544090271,0.3040565848350525,-0.061203595250844955,0.9998777508735657,0.5337377786636353,0.30386629700660706,-0.06125890836119652,0.9998895525932312,0.5520083904266357,0.2926681339740753,-0.09033028781414032,0.9999348521232605,0.5421199202537537,0.3005940318107605,0.0002890813339035958,0.9998034238815308,0.5431707501411438,0.32302698493003845,-0.07165109366178513,0.9999191164970398,0.5391610860824585,0.32556167244911194,-0.04655705392360687,0.9998644590377808,0.583734929561615,0.3486596941947937,-0.12586912512779236,0.9999973773956299,0.5443264842033386,0.37153497338294983,0.0782870426774025,0.9999721646308899,0.5967654585838318,0.44789907336235046,-0.18527023494243622,0.9964627027511597,0.5376712679862976,0.4657610356807709,0.10746397823095322,0.4387025237083435,0.5934187769889832,0.5381998419761658,-0.2277573049068451,0.9945406317710876,0.5239551067352295,0.5387529730796814,0.05423158407211304,0.9433437585830688,0.5994371771812439,0.5650049448013306,-0.24956534802913666,0.9902529120445251,0.520861029624939,0.5630255341529846,0.04730984941124916,0.943321704864502,0.5917075276374817,0.5643084049224854,-0.2552090585231781,0.9906699061393738,0.5204485654830933,0.5627872347831726,0.026449939236044884,0.9480800032615662,0.588624119758606,0.5541147589683533,-0.22977401316165924,0.9828276634216309,0.5230171084403992,0.5559669733047485,0.043254707008600235,0.9355533123016357,0.5690193176269531,0.5308494567871094,-0.07616347819566727,0.9999679923057556,0.5556423664093018,0.533996045589447,0.0760519802570343,0.9999512434005737,0.538424551486969,0.6484811902046204,-0.1038612425327301,0.9536653757095337,0.5582639575004578,0.6438270211219788,0.11571740359067917,0.5177624225616455,0.518835186958313,0.793520450592041,-0.145142063498497,0.968548595905304,0.5864966511726379,0.7632986307144165,0.17550534009933472,0.7767401337623596,0.5247997641563416,0.8290678858757019,-0.15375985205173492,0.881378710269928,0.6001570820808411,0.7855913043022156,0.17905788123607635,0.8262124061584473,0.4756588935852051,0.810860812664032,-0.22783739864826202,0.970703661441803,0.5558273196220398,0.7929235100746155,0.14845885336399078,0.8921746611595154,5
0.5332375764846802,0.3179962933063507,-0.08047331869602203,0.9999094009399414,0.5349613428115845,0.30491381883621216,-0.08843664824962616,0.9998502731323242,0.5370698571205139,0.30336183309555054,-0.0885520949959755,0.9998756647109985,0.5390525460243225,0.30125099420547485,-0.08846059441566467,0.9998866319656372,0.5316402316093445,0.3066711127758026,-0.06825464218854904,0.9998614192008972,0.5312040448188782,0.3064503073692322,-0.06842944025993347,0.9998899102210999,0.5307407975196838,0.306120365858078,-0.06846713274717331,0.9999005198478699,0.5500093698501587,0.295019268989563,-0.09253261238336563,0.9999412298202515,0.539301872253418,0.3025985360145569,-0.0035879125352948904,0.9998228549957275,0.5408391356468201,0.3257693350315094,-0.07717107236385345,0.9999268651008606,0.536384642124176,0.3288991153240204,-0.051202442497015,0.9998775720596313,0.5816361308097839,0.35086020827293396,-0.12929823994636536,0.9999974966049194,0.541953444480896,0.37414300441741943,0.0749792829155922,0.999973714351654,0.5944047570228577,0.4518398344516754,-0.18559028208255768,0.9965749382972717,0.5352448225021362,0.4701164662837982,0.1053144633769989,0.4402613043785095,0.5932071208953857,0.5429744124412537,-0.22433800995349884,0.9938942193984985,0.5214681625366211,0.5411096811294556,0.0512460358440876,0.9450815916061401,0.599422812461853,0.5683975219726562,-0.2460208684206009,0.9891868829727173,0.5182386636734009,0.5655187368392944,0.04417694732546806,0.9447605013847351,0.5911998748779297,0.5692493915557861,-0.2523147463798523,0.989644467830658,0.5180462598800659,0.5658701658248901,0.022895969450473785,0.9493747353553772,0.5885504484176636,0.5604246854782104,-0.2264413982629776,0.9816302061080933,0.5207791924476624,0.5589244365692139,0.04016447067260742,0.9369583129882812,0.5649935007095337,0.5318324565887451,-0.07728975266218185,0.9999687671661377,0.5505791902542114,0.5340068936347961,0.07715712487697601,0.9999518394470215,0.5357646942138672,0.6488679051399231,-0.12580333650112152,0.957953155040741,0.5565268397331238,0.6458724737167358,0.11689771711826324,0.4977373778820038,0.5100733637809753,0.7932723164558411,-0.19036969542503357,0.9716304540634155,0.5865303874015808,0.7640995979309082,0.18364018201828003,0.7730184197425842,0.5138429999351501,0.8316923379898071,-0.2012997418642044,0.8930230140686035,0.6001147031784058,0.7865848541259766,0.1883445531129837,0.832208514213562,0.46571671962738037,0.802044689655304,-0.2809299826622009,0.9735795259475708,0.5557124614715576,0.7933761477470398,0.16677625477313995,0.8931806087493896,5
0.5292349457740784,0.3217754662036896,-0.08535982668399811,0.9999181628227234,0.5307497382164001,0.3080485165119171,-0.09557070583105087,0.9998649954795837,0.5329093337059021,0.30636829137802124,-0.09569720178842545,0.9998878836631775,0.535025954246521,0.3045291602611542,-0.09561054408550262,0.9998977184295654,0.5283777713775635,0.3094770014286041,-0.0743485614657402,0.9998751282691956,0.5282059907913208,0.3090730309486389,-0.07452810555696487,0.999900758266449,0.5279862880706787,0.3085459768772125,-0.07457390427589417,0.999910295009613,0.546738862991333,0.29807648062705994,-0.107278011739254,0.9999468922615051,0.5372846126556396,0.3044474422931671,-0.010464462451636791,0.9998401999473572,0.5369346737861633,0.33005914092063904,-0.08472397923469543,0.999933660030365,0.5329971313476562,0.33287715911865234,-0.057155508548021317,0.999889075756073,0.5782310366630554,0.35507112741470337,-0.13884682953357697,0.9999975562095642,0.5398961901664734,0.3777688145637512,0.0684935599565506,0.9999747276306152,0.591320812702179,0.4570978879928589,-0.1950797289609909,0.9965648651123047,0.5336828231811523,0.47270384430885315,0.09957322478294373,0.4353446960449219,0.5906179547309875,0.5466510653495789,-0.23347143828868866,0.992638885974884,0.5194029211997986,0.5436069369316101,0.049841564148664474,0.9449887275695801,0.5982512831687927,0.5717571973800659,-0.25528615713119507,0.9872826337814331,0.5156952142715454,0.5679075121879578,0.042583540081977844,0.9444043040275574,0.590319812297821,0.572863757610321,-0.26194310188293457,0.9878480434417725,0.5154584050178528,0.5683451890945435,0.02123766764998436,0.9489901661872864,0.5868740677833557,0.5648893117904663,-0.23567086458206177,0.9793224334716797,0.5183743834495544,0.5614118576049805,0.038691747933626175,0.9363813996315002,0.5608253479003906,0.5345166325569153,-0.07779130339622498,0.9999696016311646,0.5466488003730774,0.5353402495384216,0.07765116542577744,0.9999527931213379,0.5311654806137085,0.6528107523918152,-0.12317279726266861,0.9616619944572449,0.5519445538520813,0.6489675045013428,0.128829225897789,0.47856083512306213,0.4997199475765228,0.7945470809936523,-0.189710795879364,0.9743727445602417,0.5866514444351196,0.7644467949867249,0.2027917057275772,0.7659693360328674,0.49998900294303894,0.8339064121246338,-0.20071963965892792,0.9034715294837952,0.6001453399658203,0.7865210771560669,0.20828190445899963,0.8364425897598267,0.4557347297668457,0.7947209477424622,-0.27933281660079956,0.9761459231376648,0.5554947257041931,0.7945691347122192,0.18849150836467743,0.8913541436195374,5
0.5266740322113037,0.32665368914604187,-0.10326974093914032,0.9999260902404785,0.5281982421875,0.31193089485168457,-0.11114908009767532,0.9998782277107239,0.5304356217384338,0.30992770195007324,-0.11129309982061386,0.9998988509178162,0.5326300859451294,0.3078014850616455,-0.11121323704719543,0.9999077320098877,0.5257635712623596,0.3137809634208679,-0.08996374905109406,0.9998874664306641,0.5255561470985413,0.31355997920036316,-0.0901348665356636,0.9999105334281921,0.5252581238746643,0.31326159834861755,-0.0901937484741211,0.9999191164970398,0.5439547896385193,0.30128586292266846,-0.11317995935678482,0.999951958656311,0.5339325666427612,0.3089522123336792,-0.01448042131960392,0.9998556971549988,0.534141480922699,0.3339245915412903,-0.09947685152292252,0.9999397397041321,0.5305283069610596,0.3366965651512146,-0.07204671949148178,0.9998992681503296,0.5751973390579224,0.35901495814323425,-0.14142121374607086,0.9999974966049194,0.5368277430534363,0.38314035534858704,0.06884680688381195,0.9999756217002869,0.5888593196868896,0.46234896779060364,-0.19905659556388855,0.9949154853820801,0.532476544380188,0.4769444167613983,0.10295479744672775,0.4161204993724823,0.585847795009613,0.5514422655105591,-0.2432045191526413,0.9854573607444763,0.5170940160751343,0.5469573140144348,0.054364826530218124,0.9407537579536438,0.5906636714935303,0.5750459432601929,-0.26697054505348206,0.9781592488288879,0.5125819444656372,0.5717479586601257,0.04831056296825409,0.9404283165931702,0.5852498412132263,0.5755795836448669,-0.2730996310710907,0.9792748093605042,0.5124975442886353,0.5728778839111328,0.025441864505410194,0.9452216029167175,0.5827439427375793,0.5686423778533936,-0.2452353984117508,0.9676291346549988,0.5155739188194275,0.5660013556480408,0.04286939650774002,0.931834876537323,0.5559104681015015,0.5382513403892517,-0.08081051707267761,0.9999690651893616,0.5426336526870728,0.5377247929573059,0.08063340187072754,0.999951958656311,0.5262048244476318,0.6577818989753723,-0.13154223561286926,0.9631574749946594,0.5473126769065857,0.6561941504478455,0.13088634610176086,0.44219958782196045,0.4908899962902069,0.7963792681694031,-0.1999564915895462,0.9766349792480469,0.5865197777748108,0.7647382020950317,0.21882449090480804,0.72285395860672,0.4896387755870819,0.8353441953659058,-0.2112712860107422,0.9122065305709839,0.60029137134552,0.7864707708358765,0.22611825168132782,0.8202881813049316,0.44659820199012756,0.7919530272483826,-0.2947348654270172,0.9782456159591675,0.5556774139404297,0.7947909235954285,0.2093764990568161,0.8629759550094604,5
0.5229787230491638,0.3308700621128082,-0.10694570094347,0.9999326467514038,0.5244492292404175,0.3166055381298065,-0.11821974813938141,0.999889612197876,0.5261186361312866,0.31465235352516174,-0.11837014555931091,0.9999082088470459,0.5279178023338318,0.31258854269981384,-0.11829948425292969,0.9999163746833801,0.522725522518158,0.318314790725708,-0.09639295935630798,0.9998981952667236,0.5228378772735596,0.31812548637390137,-0.09656157344579697,0.9999189972877502,0.5228486657142639,0.3178688883781433,-0.09662891924381256,0.9999268054962158,0.539463996887207,0.3061501085758209,-0.13367994129657745,0.9999561309814453,0.5325166583061218,0.3126329183578491,-0.03161799907684326,0.9998690485954285,0.5296526551246643,0.3379037082195282,-0.10763037204742432,0.999944806098938,0.5277718305587769,0.3401625454425812,-0.0794142484664917,0.9999078512191772,0.573922336101532,0.365354984998703,-0.1613842099905014,0.9999974370002747,0.5344117879867554,0.38761037588119507,0.05220359191298485,0.9999759793281555,0.5881780982017517,0.47239434719085693,-0.20756663382053375,0.9935272932052612,0.5306688547134399,0.4803054928779602,0.09264901280403137,0.399370014667511,0.5838900804519653,0.5679114460945129,-0.24061702191829681,0.9757577776908875,0.5142300128936768,0.5508309602737427,0.05255824699997902,0.9337905049324036,0.5870667099952698,0.5906842947006226,-0.263862669467926,0.9651491641998291,0.5097575783729553,0.5754392147064209,0.046370964497327805,0.9328362345695496,0.5811527371406555,0.5888123512268066,-0.2699272930622101,0.9666726589202881,0.5096164345741272,0.5769138336181641,0.023802919313311577,0.938204288482666,0.5790625810623169,0.5822863578796387,-0.24250517785549164,0.950896143913269,0.512426495552063,0.569701611995697,0.04117816686630249,0.9235838651657104,0.5556458234786987,0.5438084602355957,-0.08136669546365738,0.999968945980072,0.540145754814148,0.5431287288665771,0.08118123561143875,0.9999515414237976,0.5209611058235168,0.6619334816932678,-0.14094850420951843,0.9637673497200012,0.54154372215271,0.6645589470863342,0.1401296705007553,0.40363121032714844,0.4828992187976837,0.8004303574562073,-0.20516173541545868,0.9784585237503052,0.5859279036521912,0.7642345428466797,0.23954586684703827,0.667407751083374,0.48211807012557983,0.8394533395767212,-0.21581515669822693,0.919508695602417,0.6005586385726929,0.784742534160614,0.24808581173419952,0.7896897792816162,0.43905317783355713,0.7933295965194702,-0.29964473843574524,0.9799250364303589,0.5558212995529175,0.7948223948478699,0.23381955921649933,0.8162874579429626,5
0.5200026035308838,0.3372569978237152,-0.10169479995965958,0.9999385476112366,0.5210085511207581,0.32337522506713867,-0.11382847279310226,0.9998998641967773,0.5226070880889893,0.3212161958217621,-0.1139795333147049,0.999916672706604,0.5243605375289917,0.3189137578010559,-0.1139007955789566,0.9999241828918457,0.5191073417663574,0.32532167434692383,-0.09139208495616913,0.9999078512191772,0.5192691683769226,0.32521963119506836,-0.09154849499464035,0.9999266266822815,0.5192856192588806,0.3251309394836426,-0.0916283130645752,0.999933660030365,0.5359117984771729,0.31288889050483704,-0.1285437047481537,0.9999600052833557,0.5292980074882507,0.3196168541908264,-0.027890436351299286,0.9998809695243835,0.5263782739639282,0.34380441904067993,-0.10357152670621872,0.9999494552612305,0.5244786143302917,0.3460559844970703,-0.07427642494440079,0.9999154806137085,0.5712901949882507,0.37231627106666565,-0.1543516367673874,0.9999974370002747,0.53168123960495,0.3948366940021515,0.055882640182971954,0.9999752044677734,0.5852934122085571,0.48052555322647095,-0.19191962480545044,0.993330717086792,0.5275218486785889,0.48663821816444397,0.09341951459646225,0.38646769523620605,0.5830633044242859,0.5750690698623657,-0.22365513443946838,0.9744195342063904,0.5101133584976196,0.5557838082313538,0.05475066974759102,0.9265918135643005,0.5846603512763977,0.6007734537124634,-0.24572715163230896,0.9630803465843201,0.5057557821273804,0.5799651145935059,0.04864845797419548,0.9253661036491394,0.5766995549201965,0.5965059399604797,-0.2524930536746979,0.964823842048645,0.505754828453064,0.5812779664993286,0.027244457975029945,0.9313117265701294,0.5744849443435669,0.5884565711021423,-0.22562600672245026,0.9484502673149109,0.5088027119636536,0.5743778347969055,0.043931685388088226,0.9161189794540405,0.5542014837265015,0.5504977107048035,-0.08062810450792313,0.9999680519104004,0.5379740595817566,0.5519316792488098,0.08045978844165802,0.9999486207962036,0.5127332210540771,0.6665856838226318,-0.13461793959140778,0.9655722379684448,0.5349833965301514,0.6728647947311401,0.13741150498390198,0.37513482570648193,0.47597795724868774,0.8127446174621582,-0.19238045811653137,0.9802271127700806,0.5846555829048157,0.7635336518287659,0.23460187017917633,0.6228610277175903,0.4758961498737335,0.8503515720367432,-0.202066108584404,0.9263514280319214,0.6003305912017822,0.7815607190132141,0.2434098869562149,0.7701253294944763,0.4334486126899719,0.7943897247314453,-0.28359556198120117,0.9815244078636169,0.5559511780738831,0.7948406934738159,0.23132936656475067,0.7811066508293152,5
0.5168143510818481,0.343789279460907,-0.11279188096523285,0.9999441504478455,0.5172320008277893,0.3305527865886688,-0.1246059313416481,0.9999094605445862,0.5188243985176086,0.3285192847251892,-0.1247546374797821,0.9999246597290039,0.5205380916595459,0.3260384202003479,-0.12468806654214859,0.9999315142631531,0.5153450965881348,0.332121878862381,-0.10285063087940216,0.9999167919158936,0.5155360102653503,0.3318098485469818,-0.10300485789775848,0.999933660030365,0.5156579613685608,0.33139273524284363,-0.10306321084499359,0.9999399781227112,0.532076895236969,0.3187960982322693,-0.1393895298242569,0.9999638199806213,0.5256932377815247,0.32517215609550476,-0.03857443854212761,0.9998920559883118,0.5231709480285645,0.3502470850944519,-0.11328127980232239,0.999954104423523,0.5211436748504639,0.3522270619869232,-0.08511028438806534,0.9999229907989502,0.5671200156211853,0.38064923882484436,-0.16742096841335297,0.999997615814209,0.5301786065101624,0.3980262279510498,0.04962392896413803,0.9999744296073914,0.5819539427757263,0.4917920231819153,-0.2051551789045334,0.993897557258606,0.5256883502006531,0.4928634762763977,0.07840057462453842,0.3721873462200165,0.5787836313247681,0.5838378071784973,-0.2243695706129074,0.9765764474868774,0.5072411894798279,0.5613974332809448,0.028192218393087387,0.9186906218528748,0.5816588997840881,0.609639585018158,-0.24583642184734344,0.9660691022872925,0.5024960041046143,0.5858604311943054,0.02002813294529915,0.9172933101654053,0.5728065967559814,0.6082261800765991,-0.25366294384002686,0.9677021503448486,0.5023962259292603,0.5868124961853027,-0.0011085155420005322,0.9242038130760193,0.5697021484375,0.5997962951660156,-0.2259288877248764,0.952536940574646,0.5055810809135437,0.5801158547401428,0.016988806426525116,0.9078043699264526,0.5485298037528992,0.5596297383308411,-0.08384602516889572,0.9999687671661377,0.5332719087600708,0.5582312941551208,0.08367283642292023,0.9999464750289917,0.5057869553565979,0.669596254825592,-0.15923811495304108,0.9685555696487427,0.527358889579773,0.6775109767913818,0.17606273293495178,0.35749346017837524,0.4721570312976837,0.819049596786499,-0.22382551431655884,0.9821053743362427,0.5834056735038757,0.7624255418777466,0.2987161874771118,0.600570023059845,0.47362220287323,0.8556094169616699,-0.23425525426864624,0.9334131479263306,0.5993398427963257,0.7743771076202393,0.31001797318458557,0.7731107473373413,0.4265463054180145,0.8098181486129761,-0.3214901387691498,0.9832985401153564,0.5559098720550537,0.7948632836341858,0.2968130111694336,0.774187445640564,5
0.5133516788482666,0.35021257400512695,-0.09956920892000198,0.9999486207962036,0.513767421245575,0.33707278966903687,-0.11235474795103073,0.9999176859855652,0.5156390070915222,0.33476972579956055,-0.11248906701803207,0.9999315738677979,0.5174550414085388,0.3320043981075287,-0.1124267652630806,0.9999378323554993,0.5115435719490051,0.3394134044647217,-0.08941061794757843,0.9999244809150696,0.5116223692893982,0.33928775787353516,-0.08953233063220978,0.9999396800994873,0.5116674900054932,0.3390331268310547,-0.08958456665277481,0.9999452829360962,0.5290470719337463,0.3247338533401489,-0.13558422029018402,0.999967098236084,0.521661102771759,0.33305391669273376,-0.026514966040849686,0.9999014139175415,0.5198150277137756,0.35669150948524475,-0.10179441422224045,0.9999579191207886,0.517470121383667,0.3585520088672638,-0.07211752235889435,0.9999287724494934,0.5638535618782043,0.3862678110599518,-0.1582503467798233,0.9999977350234985,0.5273565649986267,0.4049530625343323,0.0588546060025692,0.9999727606773376,0.5795056819915771,0.4994198977947235,-0.20808590948581696,0.9943835735321045,0.5237230658531189,0.5011242628097534,0.08449792861938477,0.35456907749176025,0.571644127368927,0.587823748588562,-0.23879927396774292,0.9785816073417664,0.5041673183441162,0.5683294534683228,0.03485870361328125,0.911598801612854,0.5750179290771484,0.6179723143577576,-0.26278871297836304,0.968917191028595,0.4992035925388336,0.5924907922744751,0.02698006108403206,0.9108918309211731,0.5637038946151733,0.6151098012924194,-0.26756471395492554,0.9704389572143555,0.49899405241012573,0.5929539203643799,0.005931775085628033,0.9185463190078735,0.5605738162994385,0.6067847013473511,-0.2396186739206314,0.9564406275749207,0.5023400187492371,0.5865579843521118,0.023708637803792953,0.9014638066291809,0.5468496680259705,0.5668781995773315,-0.08468303829431534,0.9999693632125854,0.5307104587554932,0.5655492544174194,0.08450722694396973,0.9999436736106873,0.4973964989185333,0.6729474067687988,-0.15576530992984772,0.9713737368583679,0.5190090537071228,0.6851382255554199,0.1552843153476715,0.3562402129173279,0.46679046750068665,0.827954888343811,-0.2187345176935196,0.9838211536407471,0.5831568837165833,0.7594786286354065,0.27064669132232666,0.5902252793312073,0.47325795888900757,0.8600444197654724,-0.22865693271160126,0.9398196935653687,0.5986791849136353,0.7691751718521118,0.28227952122688293,0.7819023728370667,0.42148256301879883,0.8372415900230408,-0.3139447867870331,0.9849041700363159,0.5559896230697632,0.7948831915855408,0.2726200819015503,0.7742488384246826,5
0.5090858936309814,0.35697096586227417,-0.10214684158563614,0.9999527335166931,0.5099306702613831,0.34467318654060364,-0.1141260638833046,0.9999251365661621,0.5116493701934814,0.3430216610431671,-0.114268459379673,0.9999378323554993,0.5133290886878967,0.34098607301712036,-0.11420722305774689,0.9999434947967529,0.5080058574676514,0.3456932306289673,-0.09220904856920242,0.9999313950538635,0.5081628561019897,0.3453965485095978,-0.0923471599817276,0.9999451637268066,0.5083056688308716,0.34499332308769226,-0.0924047976732254,0.999950110912323,0.5251070857048035,0.33424121141433716,-0.13205255568027496,0.9999700784683228,0.5181565880775452,0.3401463031768799,-0.03039470687508583,0.9999098777770996,0.5152868032455444,0.36493250727653503,-0.10359542816877365,0.9999611377716064,0.5132248401641846,0.3667110800743103,-0.07534268498420715,0.9999336004257202,0.5591328740119934,0.39426884055137634,-0.16224558651447296,0.9999978542327881,0.5236894488334656,0.4111059308052063,0.053558349609375,0.9999709725379944,0.5752678513526917,0.5056201815605164,-0.20807242393493652,0.9947938919067383,0.5212446451187134,0.5068480968475342,0.08183950930833817,0.33865275979042053,0.5652493834495544,0.6002637147903442,-0.23815499246120453,0.9804423451423645,0.5019225478172302,0.5753310322761536,0.036884114146232605,0.904854953289032,0.5685287117958069,0.629401683807373,-0.2625492811203003,0.9715555310249329,0.49712181091308594,0.5985020995140076,0.029467565938830376,0.9034746289253235,0.5578615665435791,0.6266016960144043,-0.2669568955898285,0.9729644656181335,0.49662962555885315,0.5989711880683899,0.00865041185170412,0.9119579792022705,0.5552053451538086,0.6179133653640747,-0.23943491280078888,0.9600661993026733,0.49999508261680603,0.5931389927864075,0.025922957807779312,0.8935258984565735,0.5442898869514465,0.5748084187507629,-0.08406098186969757,0.9999700784683228,0.5283525586128235,0.5739010572433472,0.08388948440551758,0.9999411702156067,0.48863929510116577,0.6745390892028809,-0.1482662707567215,0.9736597537994385,0.5173712372779846,0.6950694918632507,0.1628807932138443,0.34850171208381653,0.4646672308444977,0.8319293856620789,-0.19943545758724213,0.9852825403213501,0.5816659927368164,0.7572381496429443,0.2852751314640045,0.5796900987625122,0.4727798402309418,0.8625551462173462,-0.20816169679164886,0.9452906250953674,0.5978745222091675,0.7643191814422607,0.2973577082157135,0.7878322005271912,0.4205983877182007,0.8535730838775635,-0.28788360953330994,0.9863048791885376,0.556007444858551,0.7948949337005615,0.2916032373905182,0.7750208377838135,5
0.5056032538414001,0.3642747700214386,-0.11126157641410828,0.9999562501907349,0.5063021779060364,0.3518115282058716,-0.12244074791669846,0.9999318718910217,0.5081117749214172,0.35009852051734924,-0.12259512394666672,0.9999435544013977,0.5098559260368347,0.34811773896217346,-0.12254417687654495,0.9999486804008484,0.5043923258781433,0.3528701663017273,-0.10036346316337585,0.9999374151229858,0.5045692324638367,0.3525542914867401,-0.10050088912248611,0.9999498724937439,0.5047705769538879,0.35208290815353394,-0.10056570172309875,0.999954104423523,0.5211199522018433,0.34228837490081787,-0.13697423040866852,0.9999728202819824,0.5147339701652527,0.3473912477493286,-0.03516622632741928,0.9999162554740906,0.511721670627594,0.37259477376937866,-0.11170203238725662,0.9999639391899109,0.509610116481781,0.37423017621040344,-0.08343148231506348,0.999936580657959,0.5537823438644409,0.40432193875312805,-0.1715337336063385,0.9999980330467224,0.5211582779884338,0.4191311299800873,0.05249202251434326,0.9999638199806213,0.569827675819397,0.5147759318351746,-0.21816186606884003,0.9952021241188049,0.5187821388244629,0.5154557824134827,0.06802468001842499,0.3091377913951874,0.5592845678329468,0.6107105016708374,-0.24570204317569733,0.9821186661720276,0.5003501176834106,0.5849922299385071,0.008839587680995464,0.8355446457862854,0.5628079175949097,0.6408175230026245,-0.2700338065624237,0.9739340543746948,0.4957917630672455,0.6068801283836365,-0.00014850175648462027,0.837718665599823,0.553144097328186,0.6375221610069275,-0.2739919126033783,0.9752410054206848,0.4955400824546814,0.6071213483810425,-0.019279832020401955,0.8472179770469666,0.5509821772575378,0.6281673312187195,-0.24632863700389862,0.963306725025177,0.4982523024082184,0.6006326675415039,-0.0021639829501509666,0.8290967345237732,0.538926362991333,0.5816822052001953,-0.08452938497066498,0.9999723434448242,0.5220826864242554,0.5805325508117676,0.08436514437198639,0.9999430775642395,0.4781340956687927,0.6729545593261719,-0.1525348722934723,0.9759929776191711,0.5143228769302368,0.7063384056091309,0.16403481364250183,0.36339300870895386,0.4638034701347351,0.8311043381690979,-0.18974998593330383,0.9866661429405212,0.5794034600257874,0.75522780418396,0.2931201756000519,0.597078263759613,0.47337856888771057,0.8617455959320068,-0.19730626046657562,0.9503595232963562,0.5959182977676392,0.7580015063285828,0.3058624565601349,0.8015978336334229,0.41938239336013794,0.8650627136230469,-0.2783733606338501,0.9876084923744202,0.5563055872917175,0.7949707508087158,0.29497623443603516,0.7878889441490173,5
0.5019102692604065,0.3737988770008087,-0.11935438215732574,0.9999594688415527,0.5025640726089478,0.3610435128211975,-0.12951353192329407,0.9999380111694336,0.5044752955436707,0.35913392901420593,-0.12966682016849518,0.9999487400054932,0.5063462853431702,0.35697969794273376,-0.12961885333061218,0.9999533891677856,0.5005637407302856,0.3624415099620819,-0.10706860572099686,0.9999428391456604,0.5007233023643494,0.3620888590812683,-0.10720514506101608,0.9999540448188782,0.5009017586708069,0.3616083264350891,-0.10727258026599884,0.9999576807022095,0.518006443977356,0.35070720314979553,-0.13993363082408905,0.999975323677063,0.5104643702507019,0.3568733036518097,-0.036797694861888885,0.999921441078186,0.5083901286125183,0.3816176950931549,-0.1182972863316536,0.9999663829803467,0.5061160922050476,0.383464515209198,-0.08966799825429916,0.9999387264251709,0.5503259301185608,0.4123353660106659,-0.1753215193748474,0.999998152256012,0.5176815390586853,0.426196813583374,0.054238274693489075,0.9999546408653259,0.56503826379776,0.524742841720581,-0.21907852590084076,0.9955589771270752,0.5163422226905823,0.5236668586730957,0.07088441401720047,0.28122425079345703,0.5532469153404236,0.6229234933853149,-0.24299092590808868,0.9836311340332031,0.49648794531822205,0.5926897525787354,0.006729150656610727,0.767944872379303,0.5573249459266663,0.6524453163146973,-0.266899973154068,0.9760611653327942,0.4910392165184021,0.6147638559341431,-0.0022492180578410625,0.7735368609428406,0.5475767254829407,0.6499680876731873,-0.2720189392566681,0.9772802591323853,0.4908880293369293,0.6156443357467651,-0.02189033105969429,0.783642590045929,0.5459169149398804,0.6402496695518494,-0.2440967708826065,0.9661994576454163,0.49339067935943604,0.6089378595352173,-0.00469427602365613,0.7664844989776611,0.5355674624443054,0.587949812412262,-0.08632853627204895,0.9999743103981018,0.5209395289421082,0.5882698893547058,0.08616312593221664,0.9999443292617798,0.4705667495727539,0.6736046075820923,-0.15460450947284698,0.9780516624450684,0.5147680640220642,0.7179137468338013,0.1632891446352005,0.3723007142543793,0.4624597132205963,0.8358138203620911,-0.1850162297487259,0.9878889322280884,0.5774815678596497,0.7493469715118408,0.2979040741920471,0.6053001880645752,0.47346657514572144,0.8634672164916992,-0.1955387145280838,0.954818606376648,0.5946877598762512,0.749959409236908,0.3114761412143707,0.8117222785949707,0.41922011971473694,0.8742696642875671,-0.2768939137458801,0.9887653589248657,0.5568004846572876,0.7949030995368958,0.3020464777946472,0.796272873878479,5
0.49764111638069153,0.3828488886356354,-0.11886727809906006,0.999958872795105,0.49855396151542664,0.36986786127090454,-0.12793228030204773,0.9999415278434753,0.5004001259803772,0.36789631843566895,-0.12809161841869354,0.9999521970748901,0.5022558569908142,0.36579322814941406,-0.12796548008918762,0.9999566078186035,0.4965969920158386,0.3713802397251129,-0.10441611707210541,0.9999449849128723,0.49676698446273804,0.3709357678890228,-0.10453308373689651,0.9999553561210632,0.49694380164146423,0.3703502118587494,-0.10467293113470078,0.9999578595161438,0.514492928981781,0.35913893580436707,-0.13522717356681824,0.9999771118164062,0.50652015209198,0.36541828513145447,-0.033197324723005295,0.9999192953109741,0.504413366317749,0.3906192481517792,-0.11560772359371185,0.9999666213989258,0.5020215511322021,0.3925691246986389,-0.08848699182271957,0.9999331831932068,0.549037516117096,0.423003226518631,-0.16865257918834686,0.9999982714653015,0.5131317973136902,0.435483455657959,0.05951865762472153,0.999941349029541,0.5576981902122498,0.5376569628715515,-0.217086061835289,0.9959092140197754,0.51219242811203,0.5332321524620056,0.07373377680778503,0.2557985782623291,0.5459529757499695,0.6353453397750854,-0.23000314831733704,0.985116720199585,0.49415141344070435,0.6014986038208008,0.007728865835815668,0.6986584663391113,0.5477416515350342,0.6639763712882996,-0.2539283037185669,0.9782018661499023,0.48993948101997375,0.6227477192878723,-0.0020698385778814554,0.7054706811904907,0.5392736196517944,0.6617253422737122,-0.25738126039505005,0.9793241024017334,0.4897767901420593,0.6237972378730774,-0.020507974550127983,0.7155364155769348,0.5386592149734497,0.6518226265907288,-0.23005416989326477,0.9691725373268127,0.4913715422153473,0.616832435131073,-0.0033571335952728987,0.7004016041755676,0.5348482131958008,0.5945767164230347,-0.08566554635763168,0.9999764561653137,0.5181774497032166,0.5952509045600891,0.08550123870372772,0.999947190284729,0.4648520052433014,0.6741431355476379,-0.15083745121955872,0.979981005191803,0.5105448961257935,0.7313921451568604,0.13484859466552734,0.4053702652454376,0.46191784739494324,0.8349944353103638,-0.16129790246486664,0.9889682531356812,0.5744146704673767,0.7482558488845825,0.2765091359615326,0.6270766854286194,0.47374045848846436,0.8622804284095764,-0.1650693416595459,0.958698570728302,0.5919786691665649,0.7478232979774475,0.28880584239959717,0.824982762336731,0.41986995935440063,0.8789913654327393,-0.24066729843616486,0.989788293838501,0.5571498870849609,0.794950008392334,0.2786898910999298,0.8092889189720154,5
0.4944245517253876,0.38968828320503235,-0.09716711193323135,0.999954879283905,0.49538642168045044,0.3768031895160675,-0.10626722127199173,0.9999422430992126,0.49732673168182373,0.37488317489624023,-0.10640726238489151,0.999954104423523,0.49926868081092834,0.372891902923584,-0.10637358576059341,0.999958336353302,0.49329912662506104,0.37831148505210876,-0.083730548620224,0.9999432563781738,0.49351218342781067,0.37775918841362,-0.08386483043432236,0.9999537467956543,0.49378618597984314,0.3769903779029846,-0.08398155122995377,0.999954104423523,0.5106642246246338,0.3669111132621765,-0.11719328910112381,0.9999784827232361,0.5035045742988586,0.3719494044780731,-0.01604350283741951,0.9999103546142578,0.501361608505249,0.3978424072265625,-0.09644579887390137,0.9999653100967407,0.4988749325275421,0.3996139168739319,-0.06866274774074554,0.9999203085899353,0.5459802746772766,0.43255308270454407,-0.1577467918395996,0.9999983906745911,0.5093469619750977,0.44310131669044495,0.07091940194368362,0.9999194741249084,0.5542694330215454,0.5462422370910645,-0.1989772617816925,0.9962751865386963,0.5081350207328796,0.5420735478401184,0.07395157963037491,0.23334872722625732,0.5418547987937927,0.6420817375183105,-0.21808546781539917,0.9865334033966064,0.49039924144744873,0.613778293132782,0.012633582577109337,0.6327127814292908,0.5419407486915588,0.6721567511558533,-0.2427983582019806,0.9802573919296265,0.48689040541648865,0.633604109287262,0.0020798821933567524,0.6395559906959534,0.5329180359840393,0.6686196327209473,-0.2453894168138504,0.9812811613082886,0.4868859350681305,0.6351756453514099,-0.015544827096164227,0.6491907835006714,0.5329530835151672,0.6582717895507812,-0.21789416670799255,0.972061812877655,0.4882708191871643,0.628747284412384,0.001742436084896326,0.6362805962562561,0.5351771712303162,0.6019279956817627,-0.08396170288324356,0.9999784827232361,0.5164186954498291,0.6035265326499939,0.08382850140333176,0.9999501705169678,0.4602363705635071,0.6741411089897156,-0.1481131762266159,0.9818655848503113,0.5075157880783081,0.7412666082382202,0.10909689217805862,0.4574430286884308,0.46024322509765625,0.8359500169754028,-0.1292412132024765,0.9899609684944153,0.5728005766868591,0.7462064027786255,0.26346486806869507,0.6581004858016968,0.4734443426132202,0.8614683747291565,-0.13026180863380432,0.9622747302055359,0.5903359651565552,0.7422314286231995,0.2878069579601288,0.8403538465499878,0.41845566034317017,0.879836916923523,-0.20194511115550995,0.9907131195068359,0.558180034160614,0.7943693399429321,0.26977434754371643,0.8250876665115356,5
0.491056889295578,0.3956623375415802,-0.09994862228631973,0.9999526143074036,0.49225369095802307,0.3825490176677704,-0.11010922491550446,0.9999437928199768,0.4941244125366211,0.38073644042015076,-0.11024408042430878,0.9999563097953796,0.4960012435913086,0.3785593807697296,-0.11023876816034317,0.9999603629112244,0.4901353418827057,0.3837442398071289,-0.08732081204652786,0.9999428987503052,0.4903871715068817,0.3833145797252655,-0.08745252341032028,0.9999532103538513,0.4906582832336426,0.3827560544013977,-0.0875774621963501,0.9999520778656006,0.5078052282333374,0.37259864807128906,-0.12602829933166504,0.9999799132347107,0.5012425184249878,0.37815457582473755,-0.024264583364129066,0.9999057650566101,0.49752146005630493,0.4037250876426697,-0.10111819952726364,0.999965488910675,0.49548882246017456,0.4049523174762726,-0.07301885634660721,0.9999147057533264,0.5430096983909607,0.4398278295993805,-0.1666921228170395,0.9999985098838806,0.5052308440208435,0.44932684302330017,0.06238945946097374,0.9999051690101624,0.5509348511695862,0.5525058507919312,-0.20531100034713745,0.9966177344322205,0.5027374029159546,0.5501490235328674,0.06759889423847198,0.21324798464775085,0.536966860294342,0.6502509117126465,-0.22290168702602386,0.9878305792808533,0.48488637804985046,0.6255313158035278,0.002647115383297205,0.5726686120033264,0.5373899936676025,0.6801448464393616,-0.2469053417444229,0.9821394681930542,0.4818107485771179,0.6451907753944397,-0.008332319557666779,0.5792032480239868,0.5267435312271118,0.6777524948120117,-0.25064828991889954,0.9830701351165771,0.48159274458885193,0.6474647521972656,-0.025498632341623306,0.5883547067642212,0.5263329744338989,0.6682683825492859,-0.22325082123279572,0.9747059941291809,0.4823976755142212,0.6411584615707397,-0.008166798390448093,0.5773577094078064,0.5335257053375244,0.6072970032691956,-0.0818670466542244,0.9999803900718689,0.5150283575057983,0.6087244749069214,0.08175059407949448,0.9999534487724304,0.4554716944694519,0.6744412779808044,-0.13860030472278595,0.9835755825042725,0.5071586966514587,0.7463399767875671,0.10643687099218369,0.5052239894866943,0.46004942059516907,0.836726725101471,-0.11131085455417633,0.9908589720726013,0.571999192237854,0.7454692721366882,0.2548528015613556,0.6871710419654846,0.4738073945045471,0.8622062802314758,-0.11150582879781723,0.965474009513855,0.5888363122940063,0.7411036491394043,0.27656692266464233,0.8544029593467712,0.418481707572937,0.8810917139053345,-0.1801847666501999,0.9915540218353271,0.558158278465271,0.7940474152565002,0.2678564488887787,0.8399624228477478,5
0.48722323775291443,0.40158897638320923,-0.0912439152598381,0.9999525547027588,0.4882850646972656,0.3878883421421051,-0.10137706249952316,0.9999463558197021,0.49033695459365845,0.38582733273506165,-0.10151033103466034,0.9999590516090393,0.49224546551704407,0.38349539041519165,-0.10149919986724854,0.9999627470970154,0.4860643744468689,0.38946428894996643,-0.0786132961511612,0.999943733215332,0.48619726300239563,0.3891618251800537,-0.07874574512243271,0.9999538064002991,0.48637011647224426,0.388653039932251,-0.07884994149208069,0.9999511241912842,0.5043166279792786,0.3772309422492981,-0.11680176854133606,0.9999814033508301,0.4980027973651886,0.38320305943489075,-0.013842306099832058,0.9999043345451355,0.4939078092575073,0.409894198179245,-0.09247180074453354,0.9999661445617676,0.4918472170829773,0.41150394082069397,-0.06397359818220139,0.9999098777770996,0.5396372675895691,0.4460783898830414,-0.1629296988248825,0.9999986290931702,0.5020240545272827,0.4556341767311096,0.07102183252573013,0.9998903870582581,0.5477072596549988,0.5593752861022949,-0.2042740136384964,0.99693763256073,0.5000186562538147,0.5579931735992432,0.07168962061405182,0.19462288916110992,0.531730055809021,0.6559396386146545,-0.2208756059408188,0.989020049571991,0.48140737414360046,0.6347793340682983,0.004441128112375736,0.5179966688156128,0.5316652059555054,0.6863939166069031,-0.24536846578121185,0.9838740825653076,0.47829192876815796,0.6536353230476379,-0.006906254682689905,0.5245001316070557,0.5212886333465576,0.6834256052970886,-0.247223362326622,0.9847176671028137,0.4775260090827942,0.655296266078949,-0.023510713130235672,0.5332075357437134,0.5203974843025208,0.6743489503860474,-0.22031638026237488,0.9771519303321838,0.4786173701286316,0.6495529413223267,-0.006338173523545265,0.5239734649658203,0.5297581553459167,0.6170231103897095,-0.08161713182926178,0.9999821186065674,0.5113127827644348,0.6178789138793945,0.08150710165500641,0.9999563097953796,0.4514203667640686,0.6757157444953918,-0.13004456460475922,0.9851468205451965,0.5049061179161072,0.751636803150177,0.11390265822410583,0.5505701303482056,0.4594936668872833,0.8364208936691284,-0.10402406752109528,0.9917042255401611,0.5704683065414429,0.7453838586807251,0.2597014307975769,0.7148190140724182,0.4740745723247528,0.862271249294281,-0.10396251082420349,0.9685534834861755,0.5860298275947571,0.7377740740776062,0.27847597002983093,0.8676466941833496,0.4185698926448822,0.8818606734275818,-0.16957299411296844,0.9923428297042847,0.5581550002098083,0.7939406037330627,0.27220261096954346,0.8541205525398254,5
0.4841732382774353,0.40915557742118835,-0.09333062916994095,0.9999556541442871,0.48527950048446655,0.39431431889533997,-0.10307511687278748,0.9999507665634155,0.4871968626976013,0.3924136459827423,-0.10322114825248718,0.9999626278877258,0.48918622732162476,0.3903506100177765,-0.10319046676158905,0.9999659657478333,0.4828668534755707,0.39593735337257385,-0.08096377551555634,0.9999478459358215,0.48291105031967163,0.3954578936100006,-0.08110281080007553,0.9999572038650513,0.4829734265804291,0.39482811093330383,-0.08119312673807144,0.9999542832374573,0.5010978579521179,0.38435402512550354,-0.11886143684387207,0.9999831318855286,0.49452534317970276,0.38973838090896606,-0.014567899517714977,0.9999108910560608,0.4909735918045044,0.4175167381763458,-0.0937894657254219,0.9999685287475586,0.4885757863521576,0.4192761182785034,-0.06571140140295029,0.9999144673347473,0.5367175936698914,0.45180216431617737,-0.16330155730247498,0.9999987483024597,0.49853840470314026,0.46252158284187317,0.0698031410574913,0.9998888969421387,0.5444584488868713,0.5668753385543823,-0.20038415491580963,0.9972359538078308,0.49604350328445435,0.5622174739837646,0.07315044850111008,0.18082739412784576,0.5258272290229797,0.6631007790565491,-0.20604966580867767,0.9901086688041687,0.4788435995578766,0.6381548047065735,0.008840113878250122,0.4733692705631256,0.5263875126838684,0.6935096979141235,-0.22807590663433075,0.985467791557312,0.47591251134872437,0.6563649773597717,-0.0014947063755244017,0.480313241481781,0.515720009803772,0.6903533935546875,-0.22979365289211273,0.9862291812896729,0.47563108801841736,0.6581381559371948,-0.018896175548434258,0.48937830328941345,0.5149843692779541,0.6814465522766113,-0.204959437251091,0.9794058203697205,0.4766666293144226,0.6527099013328552,-0.0018961011664941907,0.4825188219547272,0.5283401608467102,0.6222081780433655,-0.07941124588251114,0.9999837875366211,0.5090795159339905,0.6236291527748108,0.0793173536658287,0.9999595880508423,0.44738680124282837,0.6769605278968811,-0.11343502253293991,0.9866052865982056,0.5012165307998657,0.7546575665473938,0.10686995089054108,0.594351053237915,0.4602052867412567,0.8369952440261841,-0.08940540999174118,0.9925092458724976,0.5699498057365417,0.7445225715637207,0.24374960362911224,0.7421190738677979,0.4743715226650238,0.8623524904251099,-0.0892261266708374,0.9715434908866882,0.5848284959793091,0.7369838953018188,0.259939968585968,0.8803325891494751,0.41854387521743774,0.881117045879364,-0.15072420239448547,0.9930898547172546,0.5583385825157166,0.7920268774032593,0.25530070066452026,0.8681149482727051,5
0.4809771180152893,0.4150163233280182,-0.07806909829378128,0.9999566078186035,0.48260927200317383,0.4009627103805542,-0.08984217792749405,0.9999536871910095,0.48437002301216125,0.39928972721099854,-0.08996368944644928,0.9999653100967407,0.4862533509731293,0.39733296632766724,-0.0899433121085167,0.9999682903289795,0.4805603325366974,0.4019356966018677,-0.06623846292495728,0.9999499320983887,0.480823814868927,0.4012219309806824,-0.06637893617153168,0.9999590516090393,0.4811370074748993,0.40028443932533264,-0.06647317856550217,0.9999555349349976,0.4983053207397461,0.39147546887397766,-0.11191900074481964,0.9999845623970032,0.49283865094184875,0.39613449573516846,-0.005110792350023985,0.9999144673347473,0.48752886056900024,0.42387452721595764,-0.08172272145748138,0.9999698400497437,0.4853277802467346,0.4251983165740967,-0.05213393643498421,0.9999150037765503,0.5344253778457642,0.4602288603782654,-0.1575678139925003,0.9999988079071045,0.4973057508468628,0.46811774373054504,0.07628200948238373,0.9998853206634521,0.541232705116272,0.5765491724014282,-0.19356346130371094,0.9975050687789917,0.4960559010505676,0.5691562294960022,0.08350405842065811,0.16643598675727844,0.5216996669769287,0.6684666275978088,-0.19531385600566864,0.9910884499549866,0.4777171313762665,0.6438785791397095,0.016933588311076164,0.43075162172317505,0.5223414897918701,0.699164628982544,-0.21655012667179108,0.9869024753570557,0.47493770718574524,0.6616905331611633,0.00691155344247818,0.43800830841064453,0.5116719007492065,0.6949430704116821,-0.2168932855129242,0.987589418888092,0.47438377141952515,0.6628443598747253,-0.008435423485934734,0.44698506593704224,0.511053740978241,0.6859692931175232,-0.19355443120002747,0.9814338684082031,0.4750063121318817,0.6577979922294617,0.006691476330161095,0.44208475947380066,0.5263651609420776,0.630039393901825,-0.07840815931558609,0.9999852776527405,0.5085952281951904,0.6322770118713379,0.07832600176334381,0.9999627470970154,0.4457724690437317,0.6778405904769897,-0.10934475064277649,0.9879225492477417,0.5003253817558289,0.7605106234550476,0.09783617407083511,0.6341853141784668,0.4600180983543396,0.8357760310173035,-0.08060862123966217,0.9932374954223633,0.5687971711158752,0.7444265484809875,0.23405562341213226,0.767092227935791,0.4747149348258972,0.8617085218429565,-0.07981353253126144,0.9742564558982849,0.5836676359176636,0.7364169359207153,0.24980153143405914,0.8919234275817871,0.4184918999671936,0.8819757699966431,-0.13815365731716156,0.99376380443573,0.5585452914237976,0.7909677028656006,0.24565289914608002,0.8808746337890625,5
0.479086309671402,0.42269983887672424,-0.08462188392877579,0.9999512434005737,0.4804358184337616,0.4093681871891022,-0.09581445902585983,0.9999522566795349,0.4820946753025055,0.40762338042259216,-0.09594541043043137,0.9999656677246094,0.483862966299057,0.4054899513721466,-0.09591647982597351,0.9999682903289795,0.47841307520866394,0.4104720652103424,-0.07296045869588852,0.9999456405639648,0.4785456657409668,0.4099293053150177,-0.07310304045677185,0.9999560713768005,0.47868555784225464,0.4092221260070801,-0.07319376617670059,0.9999504685401917,0.49559682607650757,0.39809370040893555,-0.11618319898843765,0.9999852776527405,0.49004146456718445,0.4036206305027008,-0.008719103410840034,0.9999074339866638,0.4855782687664032,0.4304153025150299,-0.08678849786520004,0.9999677538871765,0.4832420349121094,0.4329931437969208,-0.058093760162591934,0.9999021887779236,0.5309482216835022,0.46533524990081787,-0.16080623865127563,0.9999988675117493,0.4961053133010864,0.4733879864215851,0.07247678935527802,0.9998767375946045,0.5377201437950134,0.5839574933052063,-0.1956399381160736,0.997738242149353,0.49525171518325806,0.5732045769691467,0.0748649388551712,0.15260490775108337,0.518688440322876,0.6744914650917053,-0.1982356756925583,0.9919590353965759,0.47650760412216187,0.6480404138565063,0.006951557006686926,0.3913293480873108,0.5189588665962219,0.7045314908027649,-0.2189309000968933,0.9881742596626282,0.4733086824417114,0.6662967801094055,-0.003067587735131383,0.39888298511505127,0.5082908868789673,0.6999605894088745,-0.22011655569076538,0.9887963533401489,0.47248756885528564,0.6667303442955017,-0.01877366565167904,0.40760502219200134,0.5077266693115234,0.6907070875167847,-0.19681495428085327,0.9832280278205872,0.473484605550766,0.6623315811157227,-0.0033685865346342325,0.40411821007728577,0.5228025913238525,0.6355080604553223,-0.07746933400630951,0.9999865293502808,0.5070178508758545,0.6370677947998047,0.07738186419010162,0.9999651908874512,0.4437742531299591,0.6775132417678833,-0.11549673229455948,0.989092230796814,0.5004077553749084,0.7660211324691772,0.09984742850065231,0.6695133447647095,0.4601594805717468,0.8359384536743164,-0.09075595438480377,0.99388188123703,0.566152036190033,0.7437262535095215,0.22953356802463531,0.7892172932624817,0.4744701087474823,0.8623717427253723,-0.09048829972743988,0.9766296744346619,0.5825446844100952,0.7356122732162476,0.24421516060829163,0.9022049307823181,0.41686946153640747,0.8828067183494568,-0.15108904242515564,0.9943612217903137,0.5585818886756897,0.7906079888343811,0.23727598786354065,0.8921707272529602,5
0.4765188992023468,0.4300519526004791,-0.0952552855014801,0.9999432563781738,0.4778854548931122,0.4156889319419861,-0.10748542100191116,0.9999494552612305,0.47959011793136597,0.4139881730079651,-0.10760209709405899,0.9999650716781616,0.48141613602638245,0.411885142326355,-0.1075877770781517,0.9999673366546631,0.47575241327285767,0.4171494245529175,-0.0840797945857048,0.9999396800994873,0.4758628308773041,0.41658738255500793,-0.08423316478729248,0.9999517798423767,0.4759882092475891,0.4157179892063141,-0.08435442298650742,0.9999445080757141,0.4936016798019409,0.4051527678966522,-0.12898877263069153,0.9999856352806091,0.4885861277580261,0.40932154655456543,-0.022905705496668816,0.9998986721038818,0.48314207792282104,0.43791717290878296,-0.09850981086492538,0.999964714050293,0.48066678643226624,0.440630704164505,-0.06923343241214752,0.9998865127563477,0.5298779606819153,0.4746091961860657,-0.1672888845205307,0.999998927116394,0.49458593130111694,0.48009902238845825,0.05807932838797569,0.9998690485954285,0.5350233912467957,0.5927621126174927,-0.19605644047260284,0.9979348182678223,0.4941703677177429,0.5789369344711304,0.06122110038995743,0.1393090933561325,0.5154255032539368,0.6813774108886719,-0.19786499440670013,0.9927189946174622,0.4752262234687805,0.6525115370750427,-0.008400646038353443,0.35463979840278625,0.5155182480812073,0.7109487056732178,-0.21802571415901184,0.9892807602882385,0.47166338562965393,0.6699045300483704,-0.01915108598768711,0.3622879087924957,0.5050495862960815,0.7057023644447327,-0.2197532057762146,0.9898487329483032,0.47065499424934387,0.6699492931365967,-0.0347001887857914,0.37058839201927185,0.504391074180603,0.6967282891273499,-0.1966254711151123,0.984783947467804,0.4720919728279114,0.6660902500152588,-0.018603820353746414,0.3680736720561981,0.5211696028709412,0.6436080932617188,-0.07635757327079773,0.9999877214431763,0.5054997205734253,0.6438409686088562,0.07627048343420029,0.999967634677887,0.4414602518081665,0.6781818866729736,-0.11667829006910324,0.9901412725448608,0.4993097484111786,0.7707384824752808,0.10037427395582199,0.7014449238777161,0.4606513977050781,0.8361082077026367,-0.08015146106481552,0.9944496750831604,0.5647752285003662,0.7440760731697083,0.23156693577766418,0.8091050386428833,0.4742613434791565,0.8620371222496033,-0.07846570760011673,0.9786897897720337,0.581425666809082,0.7360616326332092,0.2464539259672165,0.9114208817481995,0.4171837568283081,0.8826119303703308,-0.1368475705385208,0.9948891401290894,0.5585368871688843,0.7906582951545715,0.23920342326164246,0.9023077487945557,5
0.4745047688484192,0.43574315309524536,-0.11497148126363754,0.9999454021453857,0.4757489562034607,0.4210357069969177,-0.12810871005058289,0.999952495098114,0.47757866978645325,0.4189724326133728,-0.12822481989860535,0.9999674558639526,0.4795391261577606,0.41678428649902344,-0.12820906937122345,0.999969482421875,0.4734886586666107,0.4228515923023224,-0.10455749183893204,0.9999425411224365,0.4735141098499298,0.42251700162887573,-0.10470860451459885,0.9999540448188782,0.4735527038574219,0.42192956805229187,-0.10482176393270493,0.9999468922615051,0.49142441153526306,0.4107924997806549,-0.15046317875385284,0.9999867081642151,0.4863281548023224,0.41557577252388,-0.04418434947729111,0.99990314245224,0.4816276729106903,0.44311287999153137,-0.11829560250043869,0.999966025352478,0.47857481241226196,0.44584372639656067,-0.0887540727853775,0.9998888373374939,0.5273572206497192,0.4780815541744232,-0.1847676783800125,0.9999989867210388,0.4937680661678314,0.4846491515636444,0.04073171317577362,0.9998705387115479,0.5330421924591064,0.6002030372619629,-0.21468530595302582,0.9981176257133484,0.4925570487976074,0.5859535336494446,0.04800047725439072,0.12736091017723083,0.512847363948822,0.6900900602340698,-0.20239461958408356,0.9934073686599731,0.4743026793003082,0.6586399078369141,-0.014671108685433865,0.32143768668174744,0.5128520727157593,0.719214916229248,-0.2201080024242401,0.9902809858322144,0.4694916605949402,0.6753236651420593,-0.024647649377584457,0.3291091322898865,0.5027102828025818,0.7134925127029419,-0.2245132327079773,0.9907992482185364,0.46859490871429443,0.6748737692832947,-0.03996920585632324,0.33698105812072754,0.5020110011100769,0.7051905989646912,-0.19889500737190247,0.986190676689148,0.470348060131073,0.6719662547111511,-0.024578506126999855,0.33529600501060486,0.5190327763557434,0.6497162580490112,-0.07610417157411575,0.999988853931427,0.5042304992675781,0.6497182250022888,0.07600180059671402,0.9999701976776123,0.43965116143226624,0.6793766617774963,-0.10811234265565872,0.9910888075828552,0.4999522566795349,0.774029552936554,0.11711520701646805,0.7297105193138123,0.4609491527080536,0.8356457948684692,-0.06249270960688591,0.9949579834938049,0.5632288455963135,0.7443576455116272,0.24565909802913666,0.8265784978866577,0.4741729497909546,0.8619211316108704,-0.059700027108192444,0.9805392622947693,0.579444944858551,0.7355448007583618,0.26055946946144104,0.9195314049720764,0.4175333082675934,0.8811336755752563,-0.11175373941659927,0.9953650236129761,0.5585306882858276,0.7907547950744629,0.2569757401943207,0.9112859964370728,5
0.47281327843666077,0.4412842094898224,-0.11216825991868973,0.9999313950538635,0.47410640120506287,0.4268011748790741,-0.12578819692134857,0.9999455809593201,0.4759158492088318,0.424857497215271,-0.12591221928596497,0.99996417760849,0.4778299927711487,0.4228556454181671,-0.12590090930461884,0.9999663233757019,0.47200044989585876,0.42838314175605774,-0.10216561704874039,0.9999293088912964,0.4721181094646454,0.42798924446105957,-0.10231611132621765,0.999943733215332,0.4722372591495514,0.4274017810821533,-0.10243318229913712,0.9999345541000366,0.489747554063797,0.4168183505535126,-0.1515882909297943,0.9999864101409912,0.48472529649734497,0.42186230421066284,-0.04472965747117996,0.999885082244873,0.4798974394798279,0.44852060079574585,-0.11663680523633957,0.9999614357948303,0.4770137369632721,0.45056483149528503,-0.08695263415575027,0.9998668432235718,0.5269668698310852,0.4847022593021393,-0.18793359398841858,0.9999989867210388,0.4914335310459137,0.48969200253486633,0.03872847184538841,0.9998611211776733,0.531416654586792,0.6061351895332336,-0.22020696103572845,0.998272180557251,0.49126023054122925,0.5895896553993225,0.04647335037589073,0.11621057242155075,0.5108246803283691,0.696723461151123,-0.2124173790216446,0.9940093159675598,0.4727226793766022,0.6611508131027222,-0.0176552627235651,0.2914581596851349,0.5111621618270874,0.7253959774971008,-0.23163075745105743,0.9911463260650635,0.4680166244506836,0.6780741810798645,-0.027564940974116325,0.2993430197238922,0.5005978345870972,0.7201658487319946,-0.23345212638378143,0.9916219115257263,0.4671219289302826,0.677667498588562,-0.04338916391134262,0.3068885803222656,0.49981534481048584,0.7122460007667542,-0.20975534617900848,0.9873935580253601,0.4689329266548157,0.6744560599327087,-0.02767469361424446,0.3059602677822113,0.5160128474235535,0.6589208841323853,-0.07554545253515244,0.9999896883964539,0.5013903379440308,0.6566755771636963,0.07544254511594772,0.9999717473983765,0.4382553696632385,0.681390106678009,-0.10842219740152359,0.9918797016143799,0.4978892505168915,0.7792871594429016,0.11740488559007645,0.7535354495048523,0.4610966444015503,0.8362672924995422,-0.0649154856801033,0.9953526854515076,0.561478853225708,0.744513988494873,0.24051083624362946,0.8398342728614807,0.4740181565284729,0.861711859703064,-0.062461234629154205,0.9819203019142151,0.5771568417549133,0.7352445721626282,0.2543281018733978,0.9258373379707336,0.4178306758403778,0.8815493583679199,-0.11655204743146896,0.9957380294799805,0.5584497451782227,0.7908303141593933,0.24837955832481384,0.9180573225021362,5
0.47144174575805664,0.4438329041004181,-0.11640685051679611,0.9999263882637024,0.47271114587783813,0.4301554262638092,-0.1296854317188263,0.9999440312385559,0.47447359561920166,0.4285905063152313,-0.12981046736240387,0.9999637603759766,0.4763858914375305,0.42667797207832336,-0.12980397045612335,0.999966025352478,0.47058728337287903,0.4315624237060547,-0.10598702728748322,0.9999247789382935,0.47066929936408997,0.4311826825141907,-0.10613449662923813,0.9999397993087769,0.4707244038581848,0.43057769536972046,-0.1062518060207367,0.9999299049377441,0.4887980818748474,0.4211585819721222,-0.1539049744606018,0.9999867677688599,0.4827917516231537,0.4262571930885315,-0.046749211847782135,0.9998778104782104,0.47844138741493225,0.45159196853637695,-0.12062276899814606,0.9999603629112244,0.4756665825843811,0.45339658856391907,-0.09081091731786728,0.9998595714569092,0.5258359313011169,0.4888848066329956,-0.19029808044433594,0.9999989867210388,0.4898220896720886,0.4933973550796509,0.036105334758758545,0.9998546838760376,0.5308238863945007,0.6090862154960632,-0.22321978211402893,0.9984130859375,0.49116116762161255,0.5962350964546204,0.042787328362464905,0.10642742365598679,0.509446382522583,0.7020262479782104,-0.21699568629264832,0.9945569038391113,0.4727967083454132,0.6706781387329102,-0.021844198927283287,0.2645106613636017,0.5099866390228271,0.7306629419326782,-0.2372904121875763,0.9919323325157166,0.4678298234939575,0.6883633136749268,-0.03221188485622406,0.27243509888648987,0.49956899881362915,0.7266380786895752,-0.23883725702762604,0.9923695921897888,0.46687403321266174,0.6886163353919983,-0.04824681952595711,0.2796913981437683,0.4991688132286072,0.7184385061264038,-0.21508269011974335,0.9884899854660034,0.4682292640209198,0.6848112344741821,-0.03203804790973663,0.2794417440891266,0.5152718424797058,0.6629362106323242,-0.07506204396486282,0.9999904632568359,0.5009928941726685,0.6615169644355774,0.07495106756687164,0.9999730587005615,0.4374966621398926,0.6836745142936707,-0.11071214079856873,0.9926007390022278,0.4976615011692047,0.7830989360809326,0.12227589637041092,0.7727834582328796,0.45998722314834595,0.838247537612915,-0.07355909794569016,0.9957128167152405,0.5603743195533752,0.7444006204605103,0.2505640983581543,0.8495648503303528,0.4737090468406677,0.8617637753486633,-0.07110032439231873,0.9831646680831909,0.5759173035621643,0.7328824400901794,0.2650104761123657,0.9306133985519409,0.41816526651382446,0.8829436302185059,-0.12683755159378052,0.9960868954658508,0.5584385991096497,0.7908646464347839,0.2591557204723358,0.9234458804130554,5
